1774205851994 0.016477221623063087 0
1774205855536 2.6428210735321045 1
1774205855583 0.0020874340552836657 2
1774205855628 0.008690068498253822 3
1774205855686 0.016064178198575974 4
1774205855752 -0.056773591786623 5
1774205869604 -2.5674707889556885 6
1774205869859 -0.08348171412944794 7
1774205880574 2.3660640716552734 8
1774205880697 0.021885015070438385 9
1774205880804 0.00880374014377594 10
1774205880884 -0.050498899072408676 11
1774205880911 0.03165753185749054 12
1774205886518 4.0449981689453125 13
1774205886548 0.022256935015320778 14
1774205886574 0.02761562541127205 15
1774205891828 3.904036045074463 16
1774205891886 0.0328613705933094 17
1774205891935 0.0017126824241131544 18
1774205904948 1.7069613933563232 19
1774205905114 0.0017518822569400072 20
1774205905246 0.021074553951621056 21
1774205909722 -1.3071062564849854 22
1774205909866 0.0419035404920578 23
1774205916087 4.423065662384033 24
1774205916242 0.04315502196550369 25
1774205916284 0.008687845431268215 26
1774205916311 0.018500039353966713 27
1774205916337 0.020032333210110664 28
1774205916365 0.008051738142967224 29
1774205916392 0.031560108065605164 30
1774205916418 1.027643084526062 31
1774205916445 -0.008539920672774315 32
1774205916471 0.019593192264437675 33
1774205916496 0.048456523567438126 34
1774205916520 0.019559526816010475 35
1774205916545 0.009875393472611904 36
1774205916569 0.028879595920443535 37
1774205916594 0.02685139887034893 38
1774205916618 0.8055201172828674 39
1774205916643 0.46403253078460693 40
1774205916668 0.03514816612005234 41
1774205916694 0.3647516667842865 42
1774205916718 0.007866536267101765 43
1774205916743 0.012807040475308895 44
1774205916768 0.01804185099899769 45
1774205916793 0.018518958240747452 46
1774205916818 0.020032024011015892 47
1774205916843 0.8077650666236877 48
1774205916869 0.01745317131280899 49
1774205916894 0.02085658349096775 50
1774205916919 0.28978705406188965 51
1774205916945 0.0014162545558065176 52
1774205916970 0.007021589204668999 53
1774205916995 1.1051589250564575 54
1774205917021 -0.23829899728298187 55
1774205917047 -0.11355087161064148 56
1774205917072 0.2635875940322876 57
1774205917099 0.006657787598669529 58
1774205917124 0.008026671595871449 59
1774205917150 0.0065910061821341515 60
1774205917175 0.8728336095809937 61
1774205917201 0.016697553917765617 62
1774205917227 0.006297925021499395 63
1774205917253 0.8662842512130737 64
1774205917278 -0.15322451293468475 65
1774205917302 -0.009021068923175335 66
1774205917327 0.0013151152525097132 67
1774205917352 0.006170671433210373 68
1774205917376 0.006078304722905159 69
1774205917401 0.38920924067497253 70
1774205917426 0.03071697987616062 71
1774205917450 0.016991468146443367 72
1774205917475 0.014664667658507824 73
1774205917500 0.02673356793820858 74
1774205917524 -0.12562595307826996 75
1774205917548 0.013590543530881405 76
1774205917573 0.00569235859438777 77
1774205917598 0.012624982744455338 78
1774205917623 0.005783570930361748 79
1774205917648 0.018612321466207504 80
1774205917673 0.005518812220543623 81
1774205917698 0.005839081946760416 82
1774205917724 0.005461304914206266 83
1774205917749 0.009056344628334045 84
1774205917774 0.022621406242251396 85
1774205917802 0.3699415624141693 86
1774205917827 0.02563101053237915 87
1774205917852 -0.06823841482400894 88
1774205917877 0.005442887078970671 89
1774205917902 0.016774224117398262 90
1774205917927 0.5492762327194214 91
1774205917952 0.019482983276247978 92
1774205917977 0.6869034767150879 93
1774205918002 0.011325137689709663 94
1774205918027 0.004937737248837948 95
1774205918053 0.008291080594062805 96
1774205918079 0.008213973604142666 97
1774205918104 -0.36964160203933716 98
1774205918130 0.2663203775882721 99
1774205918154 0.0035365535877645016 100
1774205918181 0.01101391389966011 101
1774205918207 0.011272638104856014 102
1774205918232 0.005727588664740324 103
1774205918257 0.004919916391372681 104
1774205918282 0.013349280692636967 105
1774205918306 0.008053025230765343 106
1774205918331 0.010439823381602764 107
1774205918356 0.01787315122783184 108
1774205918380 0.00967907439917326 109
1774205918406 0.002794536529108882 110
1774205918431 0.0010005474323406816 111
1774205920898 4.123076915740967 112
1774205920973 0.007383556105196476 113
1774205921049 0.003946599084883928 114
1774205923940 2.8176188468933105 115
1774205923975 0.008866761811077595 116
1774205924009 0.006010597571730614 117
1774205924041 0.006111095193773508 118
1774205928153 -1.4102263450622559 119
1774205928282 0.009681997820734978 120
1774205928387 0.00611115200445056 121
1774205930567 -1.1634738445281982 122
1774205932721 3.2860050201416016 123
1774205932864 0.006951055955141783 124
1774205932948 0.008224724791944027 125
1774205935254 2.0878498554229736 126
1774205935334 -0.17518150806427002 127
1774205935408 0.00749314296990633 128
1774205937887 3.20019793510437 129
1774205937978 0.01004187110811472 130
1774205938063 -0.0436917208135128 131
1774205938113 0.005871906876564026 132
1774205938162 0.01216218527406454 133
1774205938212 0.0030956314876675606 134
1774205938263 0.007749050855636597 135
1774205938290 0.006961531471461058 136
1774205938317 0.0029484047554433346 137
1774205938344 0.0006903603789396584 138
1774205941052 3.4337449073791504 139
1774205941135 0.004799224901944399 140
1774205941211 0.007926222868263721 141
1774205941266 0.004557284060865641 142
1774205941292 0.4658002257347107 143
1774205941318 0.002622386673465371 144
1774205941345 0.37186259031295776 145
1774205941372 0.004310844000428915 146
1774205941400 0.002660460537299514 147
1774205941427 0.005368138663470745 148
1774205941454 0.004617196507751942 149
1774205941479 -1.2999615669250488 150
1774205941503 0.006159133743494749 151
1774205941528 0.004050421062856913 152
1774205941552 -0.0018306334968656301 153
1774205941577 0.002166712423786521 154
1774205941602 -0.3243318796157837 155
1774205941627 -0.2161676585674286 156
1774205941651 0.0037206802517175674 157
1774205941676 -0.16231335699558258 158
1774205941703 -0.005284320563077927 159
1774205941728 0.898554801940918 160
1774205941753 0.0019994250033050776 161
1774205941778 0.004347394686192274 162
1774205941803 0.8727284669876099 163
1774205941827 -0.027558017522096634 164
1774205941852 0.589198887348175 165
1774205941877 0.0008849869482219219 166
1774205941902 -0.03821421414613724 167
1774205941927 1.634385585784912 168
1774205941952 -0.0012270177248865366 169
1774205941976 0.851366400718689 170
1774205942001 0.5088342428207397 171
1774205942026 0.004289633594453335 172
1774205942051 0.001761601073667407 173
1774205942076 0.0016627442091703415 174
1774205942101 0.0044397288002073765 175
1774205942126 0.0032013237942010164 176
1774205942151 0.0004067955305799842 177
1774205942176 0.3432539403438568 178
1774205942201 0.0030921949073672295 179
1774205942225 -0.16596625745296478 180
1774205942251 -0.02100290171802044 181
1774205942276 0.0028438193257898092 182
1774205942301 0.6242008805274963 183
1774205942326 0.00040522616473026574 184
1774205942350 0.12305509299039841 185
1774205942375 0.0025985073298215866 186
1774205942400 0.002892628777772188 187
1774205942425 0.002116635674610734 188
1774205942451 0.0016207598382607102 189
1774205942476 -0.04420608654618263 190
1774205942501 0.0015732607571408153 191
1774205942526 0.0012589680263772607 192
1774205942551 0.6694238781929016 193
1774205942577 0.0010028872638940811 194
1774205942602 0.0024083363823592663 195
1774205942627 -0.10353829711675644 196
1774205942652 0.001471356488764286 197
1774205942677 0.0002841022505890578 198
1774205942702 -0.36171337962150574 199
1774205942728 -0.013611926697194576 200
1774205942760 0.0013077061157673597 201
1774205942789 0.0007604217389598489 202
1774205942816 0.0006856721010990441 203
1774205942845 -0.003676819149404764 204
1774205942870 -0.11716875433921814 205
1774205942895 0.0009573590941727161 206
1774205942920 0.0007975676562637091 207
1774205942944 0.000900810060556978 208
1774205946196 2.465595245361328 209
1774205946297 -0.007967920042574406 210
1774205946384 0.0009578067692928016 211
1774205946466 -0.00045370322186499834 212
1774205946500 0.0006475347327068448 213
1774205946534 -0.06390498578548431 214
1774205949044 5.491064548492432 215
1774205949120 0.0010643982095643878 216
1774205949193 0.0007925682584755123 217
1774205949260 1.447713017463684 218
1774205953284 -1.9124467372894287 219
1774205953425 0.5948989987373352 220
1774205953513 0.0007636449881829321 221
1774205953588 0.6443536877632141 222
1774205953659 0.0006111174006946385 223
1774205953685 -0.020470909774303436 224
1774205953712 0.0006107136141508818 225
1774205953739 0.0005875410861335695 226
1774205953766 -0.1367233544588089 227
1774205953792 -0.02048330381512642 228
1774205956764 4.106268882751465 229
1774205956838 0.9581581354141235 230
1774205956905 0.0005548865883611143 231
1774205956974 -0.0025527814868837595 232
1774205957043 0.0006920731393620372 233
1774205959795 4.876476287841797 234
1774205959874 0.0006145275547169149 235
1774205959943 -0.11872383207082748 236
1774205960015 0.0005153295351192355 237
1774205963216 3.856933116912842 238
1774205963319 0.0007173939957283437 239
1774205963405 0.000725229037925601 240
1774205963464 -0.000336277240421623 241
1774205963491 -0.008372271433472633 242
1774205963517 0.0005877292715013027 243
1774205963544 0.38348108530044556 244
1774205963570 0.00014014045882504433 245
1774205963597 0.0006190419080667198 246
1774205963623 -0.00043705053394660354 247
1774205966488 -1.8339210748672485 248
1774205966557 -0.00017776202003005892 249
1774205966618 -0.16601045429706573 250
1774205966671 0.0011625828919932246 251
1774205966719 -0.22685199975967407 252
1774205966767 0.0008253785781562328 253
1774205966837 0.37675681710243225 254
1774205966871 -0.07620339840650558 255
1774205966901 0.0003185316454619169 256
1774205966932 -0.33729252219200134 257
1774205970528 2.8000974655151367 258
1774205970649 -0.008810671977698803 259
1774205970731 0.0006882205489091575 260
1774205970815 -1.7497940063476562 261
1774205970862 -1.2550088167190552 262
1774205970889 0.0008673454285599291 263
1774205970952 -0.013550636358559132 264
1774205970982 -0.0016121711814776063 265
1774205971019 0.0006939854938536882 266
1774205971050 8.016829815460369e-05 267
1774205971082 0.0009787194430828094 268
1774205971111 0.0008508396567776799 269
1774205971136 0.0005883130943402648 270
1774205971161 0.0005838936776854098 271
1774205971187 -0.21482233703136444 272
1774205971212 0.0005660183378495276 273
1774205971237 0.02321755141019821 274
1774205971262 -0.40847131609916687 275
1774205971288 -0.05250198394060135 276
1774205971314 -0.01407687272876501 277
1774205971339 0.0013159513473510742 278
1774205971364 0.0005904746940359473 279
1774205971391 0.0013893350260332227 280
1774205971416 -0.03362063691020012 281
1774205971442 1.3408433198928833 282
1774205971469 0.5086182355880737 283
1774205971493 -1.6358312368392944 284
1774205971519 -0.003202983411028981 285
1774205971544 0.0008582039154134691 286
1774205971569 -0.14210538566112518 287
1774205971596 0.0010388951050117612 288
1774205971621 0.0012784646824002266 289
1774205971646 0.0011680686147883534 290
1774205971671 0.001925189164467156 291
1774205971695 0.0011564764427021146 292
1774205971720 -0.025800101459026337 293
1774205971745 0.0011870663147419691 294
1774205971769 0.0014881844399496913 295
1774205971794 0.0006684885593131185 296
1774205971820 0.00032570556504651904 297
1774205971845 -0.006416533142328262 298
1774205971870 -1.124586582183838 299
1774205971896 0.0014918406959623098 300
1774205975321 3.5739095211029053 301
1774205975403 0.7762324213981628 302
1774205975473 0.000828481453936547 303
1774205975531 -0.007446541450917721 304
1774205975590 0.6712741255760193 305
1774205975650 0.41781872510910034 306
1774205975685 0.5554690957069397 307
1774205975718 -0.00026896249619312584 308
1774205975748 0.00108806521166116 309
1774205975775 0.0006803896394558251 310
1774205975801 1.5898958444595337 311
1774205975829 -0.0010896122548729181 312
1774205975855 0.0009024724713526666 313
1774205975880 0.0008966255118139088 314
1774205975905 -5.813840834889561e-05 315
1774205975930 0.2374401092529297 316
1774205975955 -0.00023280078312382102 317
1774205975981 -0.0012515492271631956 318
1774205976007 -0.027957668527960777 319
1774205976033 -0.005071835592389107 320
1774205976059 0.23929685354232788 321
1774205976085 -0.02860378287732601 322
1774205976112 0.0005733011057600379 323
1774205976139 0.3913390636444092 324
1774205976171 0.0005051884800195694 325
1774205976200 2.7117353965877555e-05 326
1774205976225 -0.023573577404022217 327
1774205976249 0.0009941705502569675 328
1774205979768 2.635023355484009 329
1774205979847 0.8904353380203247 330
1774205979916 0.00018773178453557193 331
1774205979986 0.00019104647799395025 332
1774205983255 -1.5855886936187744 333
1774205983327 -0.0065092407166957855 334
1774205990709 1.7325947284698486 335
1774205990905 0.0003198708000127226 336
1774205991042 -6.000188295729458e-05 337
1774205991069 -0.0018308660946786404 338
1774205991096 -0.03953230008482933 339
1774205991123 -8.311736019095406e-05 340
1774205991149 -0.000533941900357604 341
1774205994980 3.391061305999756 342
1774206017541 1.337001085281372 343
1774206017812 0.00037759594852104783 344
1774206017855 -0.0031464698258787394 345
1774206017883 -0.00200867117382586 346
1774206017910 -0.001535247196443379 347
1774206017936 -0.19141089916229248 348
1774206017963 0.0003511182439979166 349
1774206020358 1.7638483047485352 350
1774206022400 5.293626308441162 351
1774206022541 0.7418828010559082 352
1774206022647 0.577536940574646 353
1774206022684 0.32237493991851807 354
1774206022719 9.848001354839653e-05 355
1774206022749 -0.06393558531999588 356
1774206022775 -1.264855980873108 357
1774206022801 -0.009001125581562519 358
1774206022828 -0.7972550392150879 359
1774206022853 -1.050702452659607 360
1774206022878 -0.0012963743647560477 361
1774206022902 -0.027329690754413605 362
1774206022927 -1.6509016859345138e-05 363
1774206022952 -0.00032010776340030134 364
1774206022976 -0.0030428932514041662 365
1774206023001 1.263772719539702e-05 366
1774206023027 -0.0012839779956266284 367
1774206023051 -0.008450014516711235 368
1774206023076 -0.002399622928351164 369
1774206023101 0.0004670786438509822 370
1774206023126 0.5256734490394592 371
1774206023150 -0.001981674926355481 372
1774206023176 -0.0024948243517428637 373
1774206023201 -0.0011032404145225883 374
1774206023226 -0.0005302182398736477 375
1774206023252 0.662299633026123 376
1774206023278 0.23064059019088745 377
1774206023303 -0.11261951178312302 378
1774206023330 0.25614437460899353 379
1774206023357 0.0009141846094280481 380
1774206023384 0.06691337376832962 381
1774206023410 1.3664252758026123 382
1774206023436 -0.5460827350616455 383
1774206023462 0.0006140903569757938 384
1774206023488 0.0004646392189897597 385
1774206023513 0.00044866371899843216 386
1774206023538 -0.0020107512827962637 387
1774206023564 0.0004684502200689167 388
1774206023590 0.3739016652107239 389
1774206023615 0.000402096746256575 390
1774206023641 -0.4502454996109009 391
1774206023666 -1.078012466430664 392
1774206023702 -0.00016692250210326165 393
1774206023726 -0.0007264573941938579 394
1774206023751 0.0004172079497948289 395
1774206023777 0.7895525097846985 396
1774206023803 0.7663666605949402 397
1774206023828 -0.06878729909658432 398
1774206023853 0.20624372363090515 399
1774206023879 -0.2026798278093338 400
1774206025856 -1.2164955139160156 401
1774206025915 -0.0009385803714394569 402
1774206027880 3.850095748901367 403
1774206028009 0.0004542258975561708 404
1774206028093 -0.0013823425397276878 405
1774206028164 -0.0020943242125213146 406
1774206028236 -0.0013397956499829888 407
1774206028263 -0.004314074758440256 408
1774206030128 -1.2192978858947754 409
1774206032208 3.625284194946289 410
1774206032336 -9.309982260674587e-07 411
1774206032438 0.00032246296177618206 412
1774206034967 2.670957565307617 413
1774206035048 -0.007867050357162952 414
1774206035128 -0.04803939908742905 415
1774206035208 -0.003714455757290125 416
1774206037759 2.8205726146698 417
1774206037841 -0.003922592848539352 418
1774206041115 4.722336292266846 419
1774206041240 0.0005271659465506673 420
1774206041340 -1.600307041371707e-05 421
1774206041433 0.5307767987251282 422
1774206044176 -1.5786093473434448 423
1774206044267 0.0007016606396064162 424
1774206044350 0.0006385624292306602 425
1774206044433 -0.010010822676122189 426
1774206044461 -0.009648227132856846 427
1774206044488 0.00024239484628196806 428
1774206044515 -0.03369103744626045 429
1774206044544 0.000923520652577281 430
1774206044575 0.0005279775359667838 431
1774206044606 -0.15439458191394806 432
1774206044635 1.737522006034851 433
1774206044666 -0.36617210507392883 434
1774206044694 0.001093721599318087 435
1774206044719 0.2023719698190689 436
1774206044744 -0.14314499497413635 437
1774206044770 0.46485355496406555 438
1774206044795 -0.021555550396442413 439
1774206044820 0.0012774739880114794 440
1774206044845 -0.07142572104930878 441
1774206044871 0.0011017697397619486 442
1774206044896 0.0015841263812035322 443
1774206044921 0.001746772206388414 444
1774206044947 0.000531804165802896 445
1774206044972 0.0008716920856386423 446
1774206044998 -0.8568211793899536 447
1774206045027 0.00012008983321720734 448
1774206045056 0.0005078331450931728 449
1774206045083 -0.00909064058214426 450
1774206045108 0.0005898781819269061 451
1774206045133 0.0014850703300908208 452
1774206045158 0.001360617228783667 453
1774206045184 0.0009228584240190685 454
1774206045209 0.000988464686088264 455
1774206045234 -0.01568625122308731 456
1774206045259 -0.37750574946403503 457
1774206045285 -0.002496656496077776 458
1774206045310 0.0013470198027789593 459
1774206045335 0.0013006129302084446 460
1774206045361 0.8561887145042419 461
1774206045386 1.3976503610610962 462
1774206045412 0.00032518638181500137 463
1774206045438 -1.2779242992401123 464
1774206045463 0.0012010826030746102 465
1774206045490 0.0012010515201836824 466
1774206045516 -0.0011501125991344452 467
1774206045542 0.0005667966324836016 468
1774206045567 0.0009814235381782055 469
1774206045592 -0.050229061394929886 470
1774206045618 -0.03791595250368118 471
1774206045644 -6.705457053612918e-05 472
1774206045669 -0.2077455371618271 473
1774206045694 -0.0709967240691185 474
1774206045719 -0.0269972812384367 475
1774206045746 0.7177227139472961 476
1774206045773 0.0009181883069686592 477
1774206045798 0.0002688419190235436 478
1774206045828 0.0013510683784261346 479
1774206045853 0.0005504112341441214 480
1774206045879 0.0012585457880049944 481
1774206045904 0.001290345098823309 482
1774206045930 0.001848747837357223 483
1774206045954 -0.11427880078554153 484
1774206045979 0.0007915176684036851 485
1774206046004 -0.005687149241566658 486
1774206046029 0.0003145597584079951 487
1774206046055 -0.0018808541353791952 488
1774206046080 0.000984161626547575 489
1774206046105 -0.006935893092304468 490
1774206046130 0.001543286838568747 491
1774206046158 -0.0074105761013925076 492
1774206046184 0.0006004280294291675 493
1774206046209 0.5347656011581421 494
1774206046234 0.0016494535375386477 495
1774206046260 -0.22777049243450165 496
1774206046284 -0.006421196274459362 497
1774206046309 0.5667466521263123 498
1774206046334 -1.7426493167877197 499
1774205851994 0.016477221623063087 0
