1774205851995 1.156153678894043 0
1774205855538 147.7075958251953 1
1774205855585 1.2014254331588745 2
1774205855632 1.152270793914795 3
1774205855688 1.0664849281311035 4
1774205855756 0.09825672209262848 5
1774205869606 65.02574157714844 6
1774205869861 0.32318782806396484 7
1774205880575 131.9943389892578 8
1774205880699 1.026395320892334 9
1774205880805 1.0926543474197388 10
1774205880885 0.08590558171272278 11
1774205880912 0.946314811706543 12
1774205886519 152.33567810058594 13
1774205886549 1.0013706684112549 14
1774205886575 0.9613339304924011 15
1774205891829 166.5461883544922 16
1774205891887 0.335709810256958 17
1774205891936 1.0658162832260132 18
1774205904970 56.31618881225586 19
1774205905116 1.0474343299865723 20
1774205905249 0.9534997940063477 21
1774205909723 35.667606353759766 22
1774205909867 0.2336656004190445 23
1774205916089 177.0542755126953 24
1774205916243 0.1626494824886322 25
1774205916285 0.9707790017127991 26
1774205916312 0.021377351135015488 27
1774205916338 0.8771111965179443 28
1774205916366 0.9214080572128296 29
1774205916393 0.7512616515159607 30
1774205916419 11.627470970153809 31
1774205916446 0.011833700351417065 32
1774205916472 0.16823521256446838 33
1774205916497 0.3703649640083313 34
1774205916521 0.7964661121368408 35
1774205916546 0.7968218922615051 36
1774205916570 0.6305627822875977 37
1774205916595 0.5614234209060669 38
1774205916619 9.461374282836914 39
1774205916644 2.9430110454559326 40
1774205916669 0.09539409726858139 41
1774205916695 1.735949158668518 42
1774205916719 0.7858357429504395 43
1774205916744 0.7359104156494141 44
1774205916769 0.693317174911499 45
1774205916794 0.6799620985984802 46
1774205916819 0.0659024715423584 47
1774205916845 10.00146484375 48
1774205916870 0.6682543158531189 49
1774205916895 0.07921116799116135 50
1774205916921 2.151716470718384 51
1774205916946 0.6945476531982422 52
1774205916971 0.6552489399909973 53
1774205916997 8.96708869934082 54
1774205917022 1.1573052406311035 55
1774205917048 0.3609831631183624 56
1774205917074 2.019559383392334 57
1774205917100 0.6151416897773743 58
1774205917125 0.6227548718452454 59
1774205917151 0.5997138023376465 60
1774205917177 11.785746574401855 61
1774205917202 0.35035285353660583 62
1774205917228 0.5739910006523132 63
1774205917254 10.457120895385742 64
1774205917279 0.5754328966140747 65
1774205917303 0.0011173143284395337 66
1774205917328 0.5749284029006958 67
1774205917353 0.5446159243583679 68
1774205917377 0.5321428775787354 69
1774205917402 5.8988037109375 70
1774205917427 0.3547419309616089 71
1774205917451 0.06404303759336472 72
1774205917476 0.45635199546813965 73
1774205917501 0.1715204417705536 74
1774205917525 0.6422551274299622 75
1774205917549 0.43696263432502747 76
1774205917574 0.4800340235233307 77
1774205917599 0.40659016370773315 78
1774205917624 0.4676649272441864 79
1774205917649 0.37723153829574585 80
1774205917674 0.44833430647850037 81
1774205917700 0.41976550221443176 82
1774205917725 0.42885664105415344 83
1774205917750 0.4179823398590088 84
1774205917775 0.13417911529541016 85
1774205917803 2.5812480449676514 86
1774205917828 0.191278338432312 87
1774205917853 0.06811448931694031 88
1774205917878 0.38438647985458374 89
1774205917903 0.07754737138748169 90
1774205917928 7.022974491119385 91
1774205917953 0.07665076851844788 92
1774205917978 6.318391799926758 93
1774205918003 0.30082884430885315 94
1774205918028 0.33822065591812134 95
1774205918054 0.3090209364891052 96
1774205918080 0.305728018283844 97
1774205918105 2.8009140491485596 98
1774205918131 1.7779135704040527 99
1774205918156 0.3143764138221741 100
1774205918183 0.2694704532623291 101
1774205918208 0.041848357766866684 102
1774205918233 0.3088333010673523 103
1774205918258 0.009493067860603333 104
1774205918283 0.22299769520759583 105
1774205918307 0.2599063813686371 106
1774205918332 0.22733354568481445 107
1774205918357 0.09616658836603165 108
1774205918381 0.012034356594085693 109
1774205918407 0.2479921281337738 110
1774205918432 0.2593783438205719 111
1774205920901 273.76605224609375 112
1774205920976 0.22191213071346283 113
1774205921052 0.21595372259616852 114
1774205923941 166.11329650878906 115
1774205923976 0.1927924007177353 116
1774205924010 0.1834038496017456 117
1774205924042 0.18724241852760315 118
1774205928154 42.72338104248047 119
1774205928284 0.15960758924484253 120
1774205928388 0.16706618666648865 121
1774205930569 41.53486633300781 122
1774205932722 174.01165771484375 123
1774205932865 0.1389561891555786 124
1774205932949 0.1352422535419464 125
1774205935256 143.4070281982422 126
1774205935335 0.880346953868866 127
1774205935409 0.12726347148418427 128
1774205937888 178.34951782226562 129
1774205937979 0.10359781980514526 130
1774205938065 0.13905233144760132 131
1774205938114 0.14393414556980133 132
1774205938164 0.07168318331241608 133
1774205938213 0.1283555030822754 134
1774205938264 0.0962447002530098 135
1774205938291 0.10088464617729187 136
1774205938318 0.12076256424188614 137
1774205938345 0.12674479186534882 138
1774205941053 138.3946990966797 139
1774205941136 0.09702149033546448 140
1774205941213 0.07877145707607269 141
1774205941267 0.08982935547828674 142
1774205941293 5.197305202484131 143
1774205941320 0.09668410569429398 144
1774205941346 4.400192737579346 145
1774205941373 0.07924100011587143 146
1774205941401 0.08083254098892212 147
1774205941428 0.0621006041765213 148
1774205941455 0.0671054869890213 149
1774205941480 15.16335678100586 150
1774205941504 0.047935280948877335 151
1774205941529 0.06141674146056175 152
1774205941553 0.0011298274621367455 153
1774205941578 0.06306276470422745 154
1774205941603 2.2165284156799316 155
1774205941628 1.5869228839874268 156
1774205941653 0.03996359556913376 157
1774205941677 0.7643506526947021 158
1774205941704 0.004937906749546528 159
1774205941729 13.661711692810059 160
1774205941754 0.05177809298038483 161
1774205941779 0.029368769377470016 162
1774205941804 11.182574272155762 163
1774205941828 0.11068253964185715 164
1774205941853 11.263542175292969 165
1774205941878 0.00033950654324144125 166
1774205941903 0.11552967131137848 167
1774205941928 45.628726959228516 168
1774205941953 0.0012039684224873781 169
1774205941977 10.031842231750488 170
1774205942002 6.16494607925415 171
1774205942027 0.021426809951663017 172
1774205942052 0.04781102016568184 173
1774205942077 0.03717077895998955 174
1774205942102 0.024625780060887337 175
1774205942127 0.022371627390384674 176
1774205942152 0.036963850259780884 177
1774205942177 4.02988862991333 178
1774205942202 0.017329141497612 179
1774205942226 0.9698331356048584 180
1774205942252 0.02480156533420086 181
1774205942277 0.01741972751915455 182
1774205942302 9.390780448913574 183
1774205942327 0.030089842155575752 184
1774205942351 0.20452089607715607 185
1774205942376 0.014940200373530388 186
1774205942401 0.013583950698375702 187
1774205942426 0.009851737879216671 188
1774205942452 0.011273638345301151 189
1774205942477 0.1799878180027008 190
1774205942502 0.010529312305152416 191
1774205942527 0.000979108503088355 192
1774205942552 10.48317813873291 193
1774205942578 0.011432601138949394 194
1774205942603 0.012887946330010891 195
1774205942628 0.42745259404182434 196
1774205942653 0.0022291759960353374 197
1774205942678 0.013772067613899708 198
1774205942703 5.263398170471191 199
1774205942729 0.005590138956904411 200
1774205942761 0.003801418002694845 201
1774205942790 0.00761041883379221 202
1774205942817 0.0006144549115560949 203
1774205942846 0.005152389407157898 204
1774205942871 0.5204358100891113 205
1774205942896 0.001893412321805954 206
1774205942921 0.007361321710050106 207
1774205942946 0.001914875116199255 208
1774205946204 139.6208038330078 209
1774205946298 0.013676809147000313 210
1774205946385 0.000975750561337918 211
1774205946468 0.0002675633004400879 212
1774205946502 0.005240832921117544 213
1774205946535 0.35524606704711914 214
1774205949045 245.56256103515625 215
1774205949122 0.0024903069715946913 216
1774205949194 0.0005505576264113188 217
1774205949261 60.51936721801758 218
1774205953286 62.69493865966797 219
1774205953426 12.873181343078613 220
1774205953514 0.0025334612000733614 221
1774205953589 11.113903045654297 222
1774205953660 0.0008268951205536723 223
1774205953686 0.049312930554151535 224
1774205953713 0.0017021617386490107 225
1774205953740 0.0008130191708914936 226
1774205953767 0.9439104199409485 227
1774205953793 0.1077938824892044 228
1774205956765 222.08900451660156 229
1774205956839 20.233274459838867 230
1774205956906 0.0008627550560049713 231
1774205956975 0.006509014405310154 232
1774205957044 0.002073683077469468 233
1774205959796 247.90528869628906 234
1774205959875 0.004489779006689787 235
1774205959944 0.8090201616287231 236
1774205960022 0.0017374689923599362 237
1774205963217 222.24673461914062 238
1774205963321 0.0012576521839946508 239
1774205963406 0.0055057513527572155 240
1774205963465 0.00011945582082262263 241
1774205963492 0.020885681733489037 242
1774205963518 0.00148826465010643 243
1774205963545 4.641700744628906 244
1774205963571 2.5144403480226174e-05 245
1774205963598 0.0005866714054718614 246
1774205963624 0.00016411574324592948 247
1774205966490 53.266815185546875 248
1774205966558 4.0709997847443447e-05 249
1774205966619 0.7852899432182312 250
1774205966672 0.004326269030570984 251
1774205966720 1.845590591430664 252
1774205966768 0.0025697294622659683 253
1774205966838 4.4980082511901855 254
1774205966872 0.7468569874763489 255
1774205966903 0.0025822415482252836 256
1774205966933 5.627257347106934 257
1774205970530 133.84652709960938 258
1774205970650 0.029032614082098007 259
1774205970732 0.0021264320239424706 260
1774205970816 34.48126983642578 261
1774205970863 15.913190841674805 262
1774205970924 0.0032077417708933353 263
1774205970954 0.044655025005340576 264
1774205970984 0.0033506653271615505 265
1774205971020 0.0010498843621462584 266
1774205971052 4.90661204821663e-06 267
1774205971083 0.0016157376812770963 268
1774205971112 0.0015788385644555092 269
1774205971137 0.0005749099655076861 270
1774205971162 0.00043809201451949775 271
1774205971188 1.5333900451660156 272
1774205971213 0.0003403307346161455 273
1774205971238 0.012231040745973587 274
1774205971263 4.8559112548828125 275
1774205971289 0.4124754071235657 276
1774205971315 0.03200478479266167 277
1774205971340 0.0017360432539135218 278
1774205971365 0.0003172996803186834 279
1774205971392 0.004120895639061928 280
1774205971418 0.051364965736866 281
1774205971443 40.27125930786133 282
1774205971470 5.0148820877075195 283
1774205971495 42.34607696533203 284
1774205971520 0.0032440871000289917 285
1774205971545 0.0005567087791860104 286
1774205971571 0.8467216491699219 287
1774205971597 0.0014725689543411136 288
1774205971622 0.007148434408009052 289
1774205971647 0.005622307304292917 290
1774205971672 0.010172499343752861 291
1774205971696 0.005542813800275326 292
1774205971721 0.1733599305152893 293
1774205971746 0.005834134295582771 294
1774205971770 0.0032217330299317837 295
1774205971795 0.00047129730228334665 296
1774205971821 0.010467628948390484 297
1774205971846 0.01624307408928871 298
1774205971871 15.46849536895752 299
1774205971898 0.009527571499347687 300
1774205975322 195.86997985839844 301
1774205975404 12.171863555908203 302
1774205975474 0.0006226049736142159 303
1774205975532 0.003187586087733507 304
1774205975591 14.974007606506348 305
1774205975652 6.420607089996338 306
1774205975687 10.103403091430664 307
1774205975720 3.952460247091949e-05 308
1774205975749 0.004843967035412788 309
1774205975776 0.005500065162777901 310
1774205975802 55.097084045410156 311
1774205975830 0.0005615006666630507 312
1774205975856 0.00532861053943634 313
1774205975881 0.0031840535812079906 314
1774205975906 3.0246230835473398e-06 315
1774205975932 2.0390963554382324 316
1774205975956 4.9447866331320256e-05 317
1774205975982 0.0010725397150963545 318
1774205976008 0.23612786829471588 319
1774205976034 0.009354477748274803 320
1774205976060 2.5296261310577393 321
1774205976086 0.16665448248386383 322
1774205976113 0.0034327455796301365 323
1774205976140 6.0793938636779785 324
1774205976173 0.0028779986314475536 325
1774205976201 1.014090230455622e-06 326
1774205976226 0.06960303336381912 327
1774205976250 0.001047776429913938 328
1774205979769 104.24024200439453 329
1774205979848 18.981050491333008 330
1774205979917 0.002789262682199478 331
1774205979987 4.432046989677474e-05 332
1774205983257 48.92124557495117 333
1774205983328 0.013247398659586906 334
1774205990710 52.93217086791992 335
1774205990906 0.0004885299713350832 336
1774205991043 7.4558943197189365e-06 337
1774205991070 0.0014655417762696743 338
1774205991097 0.3278927505016327 339
1774205991124 1.595432149770204e-05 340
1774205991150 0.0003095690917689353 341
1774205994982 162.2086639404297 342
1774206017542 35.49333572387695 343
1774206017814 0.0014735069125890732 344
1774206017856 0.004933426156640053 345
1774206017884 0.00272614904679358 346
1774206017911 0.0017407998675480485 347
1774206017937 1.0250831842422485 348
1774206017964 0.0012957091676071286 349
1774206020360 66.03475189208984 350
1774206022402 233.36680603027344 351
1774206022543 5.849890232086182 352
1774206022650 8.367070198059082 353
1774206022685 3.4427781105041504 354
1774206022720 4.1960774979088455e-05 355
1774206022750 0.26479554176330566 356
1774206022776 12.406729698181152 357
1774206022802 0.02803531475365162 358
1774206022829 8.21657943725586 359
1774206022854 11.81678295135498 360
1774206022879 0.001658321125432849 361
1774206022903 0.19127388298511505 362
1774206022928 6.788359314668924e-07 363
1774206022953 0.00013517508341465145 364
1774206022977 0.00466472003608942 365
1774206023002 2.211078253822052e-07 366
1774206023028 0.0009673270978964865 367
1774206023052 0.015456818975508213 368
1774206023077 0.0030753659084439278 369
1774206023102 0.001281331293284893 370
1774206023127 2.727306842803955 371
1774206023151 0.0021369720343500376 372
1774206023177 0.003044064389541745 373
1774206023202 0.0007810319657437503 374
1774206023228 0.00029173688380979 375
1774206023253 11.182577133178711 376
1774206023279 1.2410222291946411 377
1774206023305 0.54925537109375 378
1774206023332 1.3561630249023438 379
1774206023358 0.0007150315796025097 380
1774206023385 0.06099553406238556 381
1774206023411 21.5726318359375 382
1774206023437 5.947732925415039 383
1774206023463 0.0039941417053341866 384
1774206023489 0.0005001360550522804 385
1774206023514 0.0021140924654901028 386
1774206023540 0.0022576332557946444 387
1774206023565 0.00087975017959252 388
1774206023591 3.7752974033355713 389
1774206023617 0.0006778745446354151 390
1774206023642 3.951181650161743 391
1774206023667 10.709568977355957 392
1774206023703 4.068566340720281e-05 393
1774206023728 0.0005054848734289408 394
1774206023752 0.0005046061705797911 395
1774206023778 10.029138565063477 396
1774206023804 7.621983051300049 397
1774206023829 0.5045931339263916 398
1774206023854 0.9511039853096008 399
1774206023880 1.194205403327942 400
1774206025857 33.958465576171875 401
1774206025916 0.0006011563236825168 402
1774206027881 135.2476348876953 403
1774206028010 0.0021777069196105003 404
1774206028094 0.0013221987755969167 405
1774206028165 0.0022582903038710356 406
1774206028237 0.0013649847824126482 407
1774206028264 0.008422617800533772 408
1774206030130 39.240234375 409
1774206032209 144.472412109375 410
1774206032337 1.1910152863947587e-09 411
1774206032439 0.00014097819803282619 412
1774206034968 119.25981903076172 413
1774206035049 0.02849210985004902 414
1774206035129 0.3952966034412384 415
1774206035209 0.004425478167831898 416
1774206037760 167.6204071044922 417
1774206037842 0.004313443321734667 418
1774206041117 168.34335327148438 419
1774206041241 0.0007902138750068843 420
1774206041341 1.4793928926337685e-07 421
1774206041434 6.79803466796875 422
1774206044178 44.59203338623047 423
1774206044268 0.0010989394504576921 424
1774206044351 0.0008891166071407497 425
1774206044434 0.024417657405138016 426
1774206044462 0.02369525469839573 427
1774206044489 5.376735862228088e-05 428
1774206044516 0.15165439248085022 429
1774206044545 0.003335983492434025 430
1774206044577 0.0005473762867040932 431
1774206044607 0.6060461401939392 432
1774206044637 24.846418380737305 433
1774206044667 3.3446967601776123 434
1774206044695 0.004870902746915817 435
1774206044720 0.8909918665885925 436
1774206044745 0.837744414806366 437
1774206044771 4.091488361358643 438
1774206044796 0.0723685622215271 439
1774206044821 0.0021777681540697813 440
1774206044846 0.42566078901290894 441
1774206044872 0.002659507794305682 442
1774206044897 0.005181755404919386 443
1774206044922 0.0027151680551469326 444
1774206044948 0.013385167345404625 445
1774206044974 0.0005680050817318261 446
1774206044999 6.195533275604248 447
1774206045028 1.0360864507674705e-05 448
1774206045057 0.00017390459834132344 449
1774206045084 0.005020037293434143 450
1774206045109 0.00031231442699208856 451
1774206045134 0.005363448988646269 452
1774206045159 0.0025184829719364643 453
1774206045185 0.0082583362236619 454
1774206045210 0.009098323993384838 455
1774206045235 0.03307124972343445 456
1774206045260 4.351751804351807 457
1774206045286 0.003778352402150631 458
1774206045311 0.0019529237179085612 459
1774206045336 0.006533899810165167 460
1774206045362 4.705817222595215 461
1774206045387 13.244388580322266 462
1774206045413 7.106296106940135e-05 463
1774206045439 14.741948127746582 464
1774206045465 0.012567867524921894 465
1774206045491 0.0029781342018395662 466
1774206045517 0.0005575838731601834 467
1774206045543 0.0003030243969988078 468
1774206045568 0.0005087277386337519 469
1774206045593 0.1996680498123169 470
1774206045619 0.01950032077729702 471
1774206045645 3.2294967695634114e-06 472
1774206045670 1.4208632707595825 473
1774206045695 0.23770618438720703 474
1774206045720 0.1439099758863449 475
1774206045747 7.067472457885742 476
1774206045774 0.007627889979630709 477
1774206045800 5.388367935665883e-05 478
1774206045829 0.0015138003509491682 479
1774206045854 0.00022481006453745067 480
1774206045880 0.0010652632918208838 481
1774206045905 0.0062928940169513226 482
1774206045931 0.011606761254370213 483
1774206045955 0.7047138214111328 484
1774206045980 0.000584484834689647 485
1774206046005 0.006719780620187521 486
1774206046030 6.582313653780147e-05 487
1774206046056 0.001130180200561881 488
1774206046081 0.0010295314714312553 489
1774206046106 0.01784496195614338 490
1774206046131 0.0033628693781793118 491
1774206046159 0.005149326287209988 492
1774206046186 0.0002467178273946047 493
1774206046210 6.1312432289123535 494
1774206046235 0.007687517907470465 495
1774206046261 1.1553552150726318 496
1774206046285 0.008313709869980812 497
1774206046310 6.407489776611328 498
1774206046335 26.312366485595703 499
1774205851995 1.156153678894043 0
