1774205851996 0.012783456593751907 0
1774205855541 0.22157128155231476 1
1774205855590 0.013492438942193985 2
1774205855634 0.012904168106615543 3
1774205855695 0.013736692257225513 4
1774205855758 0.1727306842803955 5
1774205869608 0.3180026412010193 6
1774205869863 0.13697224855422974 7
1774205880576 0.2031347006559372 8
1774205880700 0.014074611477553844 9
1774205880806 0.012481057085096836 10
1774205880886 0.15022791922092438 11
1774205880913 0.013469604775309563 12
1774205886520 0.31471526622772217 13
1774205886550 0.01234967727214098 14
1774205886577 0.012399165891110897 15
1774205891830 0.2666582465171814 16
1774205891888 0.06084880977869034 17
1774205891937 0.012153803370893002 18
1774205904973 0.21940135955810547 19
1774205905118 0.012477950192987919 20
1774205905251 0.014422780834138393 21
1774205909724 0.20501935482025146 22
1774205909868 0.0984630137681961 23
1774205916090 0.3224378228187561 24
1774205916244 0.10414715856313705 25
1774205916286 0.015615253709256649 26
1774205916313 0.12360715121030807 27
1774205916339 0.012725341133773327 28
1774205916367 0.0122034577652812 29
1774205916394 0.046021509915590286 30
1774205916420 0.30828654766082764 31
1774205916447 0.08054862171411514 32
1774205916473 0.05994335189461708 33
1774205916498 0.06989873945713043 34
1774205916522 0.012062915600836277 35
1774205916547 0.02354222536087036 36
1774205916571 0.04774577543139458 37
1774205916596 0.05050558224320412 38
1774205916620 0.25193503499031067 39
1774205916646 0.27957233786582947 40
1774205916670 0.12554916739463806 41
1774205916696 0.2789105772972107 42
1774205916720 0.014046153984963894 43
1774205916745 0.013146043755114079 44
1774205916770 0.013240419328212738 45
1774205916795 0.013181210495531559 46
1774205916820 0.0792115107178688 47
1774205916846 0.26952680945396423 48
1774205916871 0.014181667938828468 49
1774205916896 0.0588502436876297 50
1774205916922 0.1952691525220871 51
1774205916947 0.012415936216711998 52
1774205916972 0.012548052705824375 53
1774205916998 0.3528166115283966 54
1774205917023 0.19831764698028564 55
1774205917049 0.18879522383213043 56
1774205917075 0.17393673956394196 57
1774205917101 0.013002741150557995 58
1774205917126 0.019757462665438652 59
1774205917152 0.012479613535106182 60
1774205917178 0.24417303502559662 61
1774205917203 0.04073396697640419 62
1774205917229 0.012411191128194332 63
1774205917255 0.24619422852993011 64
1774205917280 0.2036135345697403 65
1774205917304 0.2538541555404663 66
1774205917329 0.012656661681830883 67
1774205917354 0.012581133283674717 68
1774205917378 0.012408297508955002 69
1774205917403 0.19463621079921722 70
1774205917428 0.02048574760556221 71
1774205917452 0.06818314641714096 72
1774205917477 0.012279641814529896 73
1774205917502 0.04569677636027336 74
1774205917526 0.16443844139575958 75
1774205917551 0.02055096998810768 76
1774205917575 0.013058911077678204 77
1774205917600 0.03051547147333622 78
1774205917625 0.012819822877645493 79
1774205917650 0.02426294982433319 80
1774205917675 0.012725573033094406 81
1774205917701 0.02379920519888401 82
1774205917726 0.013074776157736778 83
1774205917751 0.014907660894095898 84
1774205917776 0.04592885449528694 85
1774205917804 0.22486057877540588 86
1774205917829 0.05869903042912483 87
1774205917854 0.2574208080768585 88
1774205917879 0.013305026106536388 89
1774205917904 0.04135267809033394 90
1774205917929 0.21338292956352234 91
1774205917954 0.07468990236520767 92
1774205917979 0.24919432401657104 93
1774205918004 0.014401869848370552 94
1774205918029 0.01330250408500433 95
1774205918055 0.01266038790345192 96
1774205918081 0.012744194827973843 97
1774205918106 0.21950148046016693 98
1774205918132 0.20581179857254028 99
1774205918157 0.016052696853876114 100
1774205918184 0.01384328119456768 101
1774205918209 0.04445220157504082 102
1774205918234 0.0199278574436903 103
1774205918259 0.04783160984516144 104
1774205918284 0.012895001098513603 105
1774205918308 0.016107216477394104 106
1774205918333 0.013208884745836258 107
1774205918358 0.05890640616416931 108
1774205918382 0.10588991641998291 109
1774205918408 0.01417876873165369 110
1774205918434 0.014035877771675587 111
1774205920903 0.2501303255558014 112
1774205920978 0.015730533748865128 113
1774205921054 0.013469181954860687 114
1774205923943 0.2239220142364502 115
1774205923978 0.023419134318828583 116
1774205924013 0.01345557626336813 117
1774205924043 0.015243985690176487 118
1774205928156 0.22053010761737823 119
1774205928285 0.020678594708442688 120
1774205928389 0.01557861641049385 121
1774205930570 0.1958477944135666 122
1774205932723 0.2508222460746765 123
1774205932866 0.013227950781583786 124
1774205932950 0.02044283226132393 125
1774205935257 0.19137030839920044 126
1774205935337 0.16882090270519257 127
1774205935410 0.013721546158194542 128
1774205937890 0.2555406093597412 129
1774205937980 0.015455218963325024 130
1774205938066 0.12960566580295563 131
1774205938115 0.01573213003575802 132
1774205938165 0.04664627090096474 133
1774205938214 0.014171815477311611 134
1774205938265 0.03244275972247124 135
1774205938292 0.013626528903841972 136
1774205938319 0.014050653204321861 137
1774205938347 0.013785237446427345 138
1774205941054 0.28665652871131897 139
1774205941137 0.01350115705281496 140
1774205941214 0.014814536087214947 141
1774205941268 0.024294037371873856 142
1774205941294 0.21148616075515747 143
1774205941321 0.014023893512785435 144
1774205941347 0.18794751167297363 145
1774205941374 0.01401912048459053 146
1774205941402 0.01676235720515251 147
1774205941429 0.014139967039227486 148
1774205941456 0.017271174117922783 149
1774205941481 0.327776163816452 150
1774205941505 0.014518750831484795 151
1774205941530 0.020904649049043655 152
1774205941554 0.04907569661736488 153
1774205941579 0.01449063140898943 154
1774205941604 0.22220554947853088 155
1774205941629 0.19299136102199554 156
1774205941654 0.014255466870963573 157
1774205941680 0.1914287656545639 158
1774205941705 0.06807076185941696 159
1774205941730 0.23857900500297546 160
1774205941755 0.015916327014565468 161
1774205941780 0.03180323541164398 162
1774205941805 0.26466935873031616 163
1774205941829 0.0929938331246376 164
1774205941854 0.19556282460689545 165
1774205941880 0.05466599017381668 166
1774205941904 0.10509490221738815 167
1774205941929 0.23167531192302704 168
1774205941954 0.04676699638366699 169
1774205941978 0.253078430891037 170
1774205942003 0.2023887038230896 171
1774205942028 0.020994465798139572 172
1774205942053 0.018626311793923378 173
1774205942078 0.01590517908334732 174
1774205942103 0.01634509116411209 175
1774205942128 0.015138241462409496 176
1774205942153 0.015046932734549046 177
1774205942178 0.1855989396572113 178
1774205942203 0.018716569989919662 179
1774205942227 0.16452841460704803 180
1774205942253 0.13479740917682648 181
1774205942278 0.016527151688933372 182
1774205942303 0.20775261521339417 183
1774205942328 0.016316603869199753 184
1774205942352 0.2663019001483917 185
1774205942377 0.016953863203525543 186
1774205942402 0.026485750451683998 187
1774205942428 0.01615678146481514 188
1774205942453 0.015454988926649094 189
1774205942478 0.10409331321716309 190
1774205942503 0.01586982235312462 191
1774205942528 0.015998966991901398 192
1774205942553 0.22781838476657867 193
1774205942579 0.019153211265802383 194
1774205942604 0.0281013622879982 195
1774205942629 0.16278168559074402 196
1774205942654 0.029540006071329117 197
1774205942679 0.016874326393008232 198
1774205942704 0.15839049220085144 199
1774205942730 0.17698022723197937 200
1774205942762 0.01740509644150734 201
1774205942791 0.01695255935192108 202
1774205942818 0.016635874286293983 203
1774205942847 0.02808321826159954 204
1774205942872 0.17299164831638336 205
1774205942897 0.01746140979230404 206
1774205942922 0.018659910187125206 207
1774205942946 0.017178073525428772 208
1774205946205 0.22750990092754364 209
1774205946299 0.07506901025772095 210
1774205946386 0.024125147610902786 211
1774205946470 0.03576911613345146 212
1774205946503 0.018053198233246803 213
1774205946536 0.10634897649288177 214
1774205949046 0.34357330203056335 215
1774205949123 0.01945536397397518 216
1774205949195 0.022377178072929382 217
1774205949262 0.2041851431131363 218
1774205953287 0.22469325363636017 219
1774205953427 0.1713334321975708 220
1774205953515 0.018526015803217888 221
1774205953590 0.19769898056983948 222
1774205953661 0.018347814679145813 223
1774205953687 0.08076225966215134 224
1774205953714 0.017948834225535393 225
1774205953741 0.018512146547436714 226
1774205953768 0.15375037491321564 227
1774205953794 0.05207457020878792 228
1774205956767 0.2946787476539612 229
1774205956840 0.21672241389751434 230
1774205956907 0.01911165378987789 231
1774205956976 0.05058261379599571 232
1774205957045 0.01882745884358883 233
1774205959797 0.3217111825942993 234
1774205959877 0.01909281127154827 235
1774205959945 0.13925178349018097 236
1774205960023 0.018991444259881973 237
1774205963221 0.2847023904323578 238
1774205963324 0.027581240981817245 239
1774205963407 0.021732114255428314 240
1774205963466 0.0189217459410429 241
1774205963493 0.04062376171350479 242
1774205963519 0.018889952450990677 243
1774205963546 0.1698426604270935 244
1774205963572 0.019021769985556602 245
1774205963599 0.03235924243927002 246
1774205963625 0.018865879625082016 247
1774205966491 0.2436116337776184 248
1774205966559 0.023577647283673286 249
1774205966620 0.1772838681936264 250
1774205966673 0.031704649329185486 251
1774205966722 0.15097342431545258 252
1774205966769 0.03276853263378143 253
1774205966839 0.17410685122013092 254
1774205966873 0.10635798424482346 255
1774205966904 0.018962102010846138 256
1774205966934 0.15523716807365417 257
1774205970531 0.22209028899669647 258
1774205970651 0.05149339139461517 259
1774205970733 0.020241862162947655 260
1774205970817 0.27833205461502075 261
1774205970864 0.308243066072464 262
1774205970926 0.020879335701465607 263
1774205970955 0.07259348034858704 264
1774205970987 0.03175685182213783 265
1774205971021 0.019840309396386147 266
1774205971053 0.03659354895353317 267
1774205971085 0.024141157045960426 268
1774205971113 0.020215867087244987 269
1774205971138 0.020615531131625175 270
1774205971164 0.02125917561352253 271
1774205971189 0.18646065890789032 272
1774205971214 0.023972878232598305 273
1774205971239 0.19691483676433563 274
1774205971264 0.1889096051454544 275
1774205971290 0.07856009900569916 276
1774205971316 0.06384926289319992 277
1774205971341 0.033320821821689606 278
1774205971366 0.021534388884902 279
1774205971393 0.02267122082412243 280
1774205971419 0.1445944756269455 281
1774205971445 0.22253963351249695 282
1774205971471 0.26980769634246826 283
1774205971496 0.2699269652366638 284
1774205971521 0.03985626995563507 285
1774205971546 0.023723410442471504 286
1774205971572 0.12854892015457153 287
1774205971598 0.02157946117222309 288
1774205971623 0.022834548726677895 289
1774205971648 0.02198466658592224 290
1774205971673 0.025876939296722412 291
1774205971697 0.02155402861535549 292
1774205971722 0.054592862725257874 293
1774205971747 0.022644905373454094 294
1774205971771 0.02362293377518654 295
1774205971796 0.021806130185723305 296
1774205971822 0.021351004019379616 297
1774205971847 0.04401401802897453 298
1774205971872 0.30499258637428284 299
1774205971899 0.025043461471796036 300
1774205975323 0.27818763256073 301
1774205975405 0.19799859821796417 302
1774205975475 0.02315370924770832 303
1774205975533 0.13100068271160126 304
1774205975592 0.17352350056171417 305
1774205975653 0.17212802171707153 306
1774205975688 0.17300531268119812 307
1774205975722 0.025561243295669556 308
1774205975750 0.024156944826245308 309
1774205975777 0.02266836352646351 310
1774205975803 0.20166411995887756 311
1774205975831 0.024506542831659317 312
1774205975857 0.02914668805897236 313
1774205975882 0.024531887844204903 314
1774205975907 0.023255150765180588 315
1774205975933 0.1610616147518158 316
1774205975957 0.023873906582593918 317
1774205975983 0.04660232365131378 318
1774205976009 0.07224997133016586 319
1774205976036 0.05512503162026405 320
1774205976061 0.16263750195503235 321
1774205976088 0.05994502082467079 322
1774205976115 0.025330832228064537 323
1774205976141 0.1752624213695526 324
1774205976174 0.02440474182367325 325
1774205976202 0.024505814537405968 326
1774205976227 0.10000566393136978 327
1774205976252 0.04402028024196625 328
1774205979771 0.2643704414367676 329
1774205979849 0.20899523794651031 330
1774205979918 0.02341379038989544 331
1774205979988 0.03942950814962387 332
1774205983258 0.2178533971309662 333
1774205983329 0.03778859227895737 334
1774205990712 0.23525503277778625 335
1774205990907 0.02418380230665207 336
1774205991044 0.02464209869503975 337
1774205991071 0.06255434453487396 338
1774205991098 0.06158255785703659 339
1774205991125 0.023288700729608536 340
1774205991151 0.02610683999955654 341
1774205994983 0.2752087414264679 342
1774206017543 0.20547086000442505 343
1774206017815 0.025180071592330933 344
1774206017858 0.023626865819096565 345
1774206017885 0.024148428812623024 346
1774206017912 0.02760539948940277 347
1774206017938 0.18570001423358917 348
1774206017965 0.02423325553536415 349
1774206020361 0.2056577503681183 350
1774206022403 0.3249777555465698 351
1774206022544 0.27827203273773193 352
1774206022651 0.1970200389623642 353
1774206022687 0.18483833968639374 354
1774206022722 0.023872287943959236 355
1774206022751 0.12259037047624588 356
1774206022777 0.36014169454574585 357
1774206022803 0.04177345708012581 358
1774206022830 0.2773374915122986 359
1774206022855 0.3191412389278412 360
1774206022880 0.023937730118632317 361
1774206022904 0.07200591266155243 362
1774206022929 0.02407160773873329 363
1774206022954 0.025443237274885178 364
1774206022978 0.024140479043126106 365
1774206023003 0.02554948814213276 366
1774206023029 0.035681940615177155 367
1774206023053 0.07007622718811035 368
1774206023078 0.024328719824552536 369
1774206023103 0.02656020037829876 370
1774206023128 0.3154970705509186 371
1774206023152 0.025530505925416946 372
1774206023178 0.02535219117999077 373
1774206023203 0.025058245286345482 374
1774206023229 0.02360425889492035 375
1774206023254 0.21179088950157166 376
1774206023280 0.21443286538124084 377
1774206023306 0.15148119628429413 378
1774206023333 0.21401087939739227 379
1774206023360 0.037812892347574234 380
1774206023386 0.2760698199272156 381
1774206023412 0.2912049889564514 382
1774206023438 0.22243043780326843 383
1774206023464 0.026074187830090523 384
1774206023490 0.025000054389238358 385
1774206023515 0.024327771738171577 386
1774206023541 0.025339405983686447 387
1774206023566 0.024822819977998734 388
1774206023592 0.19495011866092682 389
1774206023618 0.02448328770697117 390
1774206023643 0.2244352102279663 391
1774206023668 0.3234733045101166 392
1774206023704 0.025125574320554733 393
1774206023729 0.042486343532800674 394
1774206023753 0.02605971321463585 395
1774206023779 0.23994171619415283 396
1774206023805 0.2736393213272095 397
1774206023830 0.09851516783237457 398
1774206023855 0.2062971293926239 399
1774206023881 0.15143205225467682 400
1774206025859 0.19723212718963623 401
1774206025917 0.027220843359827995 402
1774206027882 0.31154608726501465 403
1774206028011 0.02575163170695305 404
1774206028095 0.026487629860639572 405
1774206028166 0.025887422263622284 406
1774206028238 0.025884374976158142 407
1774206028265 0.05111246556043625 408
1774206030131 0.21423175930976868 409
1774206032211 0.28582504391670227 410
1774206032339 0.025537297129631042 411
1774206032440 0.02682371251285076 412
1774206034970 0.23810377717018127 413
1774206035050 0.04596392437815666 414
1774206035131 0.07144325971603394 415
1774206035210 0.04890872910618782 416
1774206037761 0.21873705089092255 417
1774206037844 0.03738273307681084 418
1774206041118 0.38065510988235474 419
1774206041242 0.026379220187664032 420
1774206041342 0.053736209869384766 421
1774206041435 0.19375848770141602 422
1774206044179 0.23192474246025085 423
1774206044269 0.0270660649985075 424
1774206044352 0.026882629841566086 425
1774206044435 0.07588557153940201 426
1774206044463 0.08456749469041824 427
1774206044490 0.02802441641688347 428
1774206044517 0.1071566492319107 429
1774206044546 0.027503136545419693 430
1774206044579 0.037449344992637634 431
1774206044609 0.19645529985427856 432
1774206044638 0.34987106919288635 433
1774206044668 0.2043292224407196 434
1774206044696 0.028398051857948303 435
1774206044721 0.21555492281913757 436
1774206044746 0.1515272706747055 437
1774206044772 0.2334538847208023 438
1774206044797 0.05607843026518822 439
1774206044822 0.030429361388087273 440
1774206044847 0.11351214349269867 441
1774206044873 0.027700934559106827 442
1774206044898 0.036840952932834625 443
1774206044923 0.04065190255641937 444
1774206044949 0.029128028079867363 445
1774206044975 0.03153190016746521 446
1774206045000 0.32355543971061707 447
1774206045029 0.04030413180589676 448
1774206045058 0.028944939374923706 449
1774206045085 0.12544891238212585 450
1774206045110 0.033203184604644775 451
1774206045135 0.03524145111441612 452
1774206045160 0.029212266206741333 453
1774206045186 0.028567323461174965 454
1774206045211 0.029151862487196922 455
1774206045236 0.0927395448088646 456
1774206045261 0.19071488082408905 457
1774206045287 0.053739890456199646 458
1774206045312 0.035219527781009674 459
1774206045337 0.03028140217065811 460
1774206045363 0.39745888113975525 461
1774206045388 0.38430196046829224 462
1774206045415 0.0328185148537159 463
1774206045440 0.3390137553215027 464
1774206045466 0.032111167907714844 465
1774206045493 0.03112143836915493 466
1774206045518 0.03113085962831974 467
1774206045544 0.029943326488137245 468
1774206045569 0.040886133909225464 469
1774206045594 0.12919659912586212 470
1774206045620 0.2662675976753235 471
1774206045646 0.031023120507597923 472
1774206045671 0.17927663028240204 473
1774206045696 0.13833020627498627 474
1774206045721 0.06824641674757004 475
1774206045748 0.2831268310546875 476
1774206045775 0.031444527208805084 477
1774206045801 0.031764283776283264 478
1774206045830 0.0364406518638134 479
1774206045856 0.03395906463265419 480
1774206045881 0.037334952503442764 481
1774206045906 0.03319567069411278 482
1774206045932 0.0398101843893528 483
1774206045956 0.14854273200035095 484
1774206045981 0.03273732215166092 485
1774206046006 0.07124915719032288 486
1774206046031 0.03308956325054169 487
1774206046057 0.05676772817969322 488
1774206046082 0.0350949689745903 489
1774206046107 0.054719891399145126 490
1774206046132 0.03519182279706001 491
1774206046161 0.1016821563243866 492
1774206046187 0.035258349031209946 493
1774206046211 0.20924536883831024 494
1774206046236 0.042663950473070145 495
1774206046262 0.20527005195617676 496
1774206046286 0.04837761074304581 497
1774206046311 0.21042948961257935 498
1774206046336 0.32960081100463867 499
1774205851996 0.012783456593751907 0
