1774205855522 1.0 1
1774205880567 1.0 8
1774205886511 1.0 13
1774205891822 1.0 16
1774205904931 1.0 19
1774205916078 1.0 24
1774205920883 1.0 112
1774205923931 1.0 115
1774205932711 1.0 123
1774205935246 1.0 126
1774205937879 1.0 129
1774205941043 1.0 139
1774205946187 1.0 209
1774205949035 1.0 215
1774205956754 1.0 229
1774205959787 1.0 234
1774205963207 1.0 238
1774205970519 1.0 258
1774205975311 1.0 301
1774205979759 1.0 329
1774205990699 1.0 335
1774205994971 1.0 342
1774206017535 1.0 343
1774206020350 1.0 350
1774206022391 1.0 351
1774206027870 1.0 403
1774206032199 1.0 410
1774206034958 1.0 413
1774206037750 1.0 417
1774206041107 1.0 419
