1774205851971 0.0 0
1774205855528 10.0 1
1774205855572 0.0 2
1774205855619 0.0 3
1774205855671 0.0 4
1774205855736 0.0 5
1774205869594 -5.0 6
1774205869850 0.0 7
1774205880570 10.0 8
1774205880693 0.0 9
1774205880800 0.0 10
1774205880881 0.0 11
1774205880907 0.0 12
1774205886514 10.0 13
1774205886544 0.0 14
1774205886571 0.0 15
1774205891825 10.0 16
1774205891883 0.0 17
1774205891931 0.0 18
1774205904938 10.0 19
1774205905105 0.0 20
1774205905239 0.0 21
1774205909718 -5.0 22
1774205909841 0.0 23
1774205916082 10.0 24
1774205916238 0.0 25
1774205916281 0.0 26
1774205916307 0.0 27
1774205916334 0.0 28
1774205916361 0.0 29
1774205916388 0.0 30
1774205916415 0.0 31
1774205916442 0.0 32
1774205916467 0.0 33
1774205916492 0.0 34
1774205916517 0.0 35
1774205916542 0.0 36
1774205916566 0.0 37
1774205916591 0.0 38
1774205916615 0.0 39
1774205916640 0.0 40
1774205916665 0.0 41
1774205916690 0.0 42
1774205916715 0.0 43
1774205916740 0.0 44
1774205916765 0.0 45
1774205916790 0.0 46
1774205916815 0.0 47
1774205916840 0.0 48
1774205916865 0.0 49
1774205916890 0.0 50
1774205916916 0.0 51
1774205916941 0.0 52
1774205916966 0.0 53
1774205916992 0.0 54
1774205917017 0.0 55
1774205917043 0.0 56
1774205917069 0.0 57
1774205917095 0.0 58
1774205917120 0.0 59
1774205917146 0.0 60
1774205917172 0.0 61
1774205917197 0.0 62
1774205917223 0.0 63
1774205917249 0.0 64
1774205917274 0.0 65
1774205917299 0.0 66
1774205917324 0.0 67
1774205917349 0.0 68
1774205917373 0.0 69
1774205917397 0.0 70
1774205917422 0.0 71
1774205917447 0.0 72
1774205917472 0.0 73
1774205917496 0.0 74
1774205917521 0.0 75
1774205917545 0.0 76
1774205917570 0.0 77
1774205917595 0.0 78
1774205917620 0.0 79
1774205917644 0.0 80
1774205917670 0.0 81
1774205917695 0.0 82
1774205917720 0.0 83
1774205917745 0.0 84
1774205917770 0.0 85
1774205917795 0.0 86
1774205917824 0.0 87
1774205917848 0.0 88
1774205917874 0.0 89
1774205917898 0.0 90
1774205917923 0.0 91
1774205917948 0.0 92
1774205917973 0.0 93
1774205917998 0.0 94
1774205918024 0.0 95
1774205918049 0.0 96
1774205918076 0.0 97
1774205918101 0.0 98
1774205918126 0.0 99
1774205918151 0.0 100
1774205918178 0.0 101
1774205918204 0.0 102
1774205918229 0.0 103
1774205918254 0.0 104
1774205918278 0.0 105
1774205918303 0.0 106
1774205918327 0.0 107
1774205918352 0.0 108
1774205918377 0.0 109
1774205918402 0.0 110
1774205918428 0.0 111
1774205920889 10.0 112
1774205920965 0.0 113
1774205921041 0.0 114
1774205923934 10.0 115
1774205923969 0.0 116
1774205924003 0.0 117
1774205924037 0.0 118
1774205928148 -5.0 119
1774205928277 0.0 120
1774205928382 0.0 121
1774205930562 -5.0 122
1774205932714 10.0 123
1774205932860 0.0 124
1774205932944 0.0 125
1774205935249 10.0 126
1774205935329 0.0 127
1774205935404 0.0 128
1774205937882 10.0 129
1774205937975 0.0 130
1774205938059 0.0 131
1774205938109 0.0 132
1774205938159 0.0 133
1774205938208 0.0 134
1774205938260 0.0 135
1774205938287 0.0 136
1774205938314 0.0 137
1774205938341 0.0 138
1774205941047 10.0 139
1774205941131 0.0 140
1774205941208 0.0 141
1774205941262 0.0 142
1774205941288 0.0 143
1774205941315 0.0 144
1774205941341 0.0 145
1774205941368 0.0 146
1774205941396 0.0 147
1774205941424 0.0 148
1774205941450 0.0 149
1774205941475 0.0 150
1774205941500 0.0 151
1774205941524 0.0 152
1774205941549 0.0 153
1774205941574 0.0 154
1774205941598 0.0 155
1774205941623 0.0 156
1774205941648 0.0 157
1774205941673 0.0 158
1774205941700 0.0 159
1774205941725 0.0 160
1774205941749 0.0 161
1774205941774 0.0 162
1774205941799 0.0 163
1774205941824 0.0 164
1774205941849 0.0 165
1774205941874 0.0 166
1774205941899 0.0 167
1774205941924 0.0 168
1774205941948 0.0 169
1774205941973 0.0 170
1774205941998 0.0 171
1774205942023 0.0 172
1774205942048 0.0 173
1774205942073 0.0 174
1774205942098 0.0 175
1774205942123 0.0 176
1774205942148 0.0 177
1774205942173 0.0 178
1774205942197 0.0 179
1774205942222 0.0 180
1774205942246 0.0 181
1774205942272 0.0 182
1774205942297 0.0 183
1774205942322 0.0 184
1774205942347 0.0 185
1774205942371 0.0 186
1774205942396 0.0 187
1774205942422 0.0 188
1774205942447 0.0 189
1774205942472 0.0 190
1774205942498 0.0 191
1774205942522 0.0 192
1774205942548 0.0 193
1774205942573 0.0 194
1774205942598 0.0 195
1774205942624 0.0 196
1774205942649 0.0 197
1774205942674 0.0 198
1774205942699 0.0 199
1774205942724 0.0 200
1774205942751 0.0 201
1774205942783 0.0 202
1774205942812 0.0 203
1774205942839 0.0 204
1774205942866 0.0 205
1774205942891 0.0 206
1774205942916 0.0 207
1774205942941 0.0 208
1774205946191 10.0 209
1774205946293 0.0 210
1774205946380 0.0 211
1774205946462 0.0 212
1774205946494 0.0 213
1774205946528 0.0 214
1774205949039 10.0 215
1774205949117 0.0 216
1774205949189 0.0 217
1774205949256 0.0 218
1774205953278 -5.0 219
1774205953421 0.0 220
1774205953508 0.0 221
1774205953584 0.0 222
1774205953656 0.0 223
1774205953682 0.0 224
1774205953708 0.0 225
1774205953735 0.0 226
1774205953762 0.0 227
1774205953789 0.0 228
1774205956758 10.0 229
1774205956835 0.0 230
1774205956902 0.0 231
1774205956970 0.0 232
1774205957039 0.0 233
1774205959790 10.0 234
1774205959870 0.0 235
1774205959940 0.0 236
1774205960011 0.0 237
1774205963210 10.0 238
1774205963312 0.0 239
1774205963401 0.0 240
1774205963461 0.0 241
1774205963487 0.0 242
1774205963513 0.0 243
1774205963540 0.0 244
1774205963566 0.0 245
1774205963593 0.0 246
1774205963620 0.0 247
1774205966483 -5.0 248
1774205966551 0.0 249
1774205966614 0.0 250
1774205966668 0.0 251
1774205966716 0.0 252
1774205966764 0.0 253
1774205966833 0.0 254
1774205966868 0.0 255
1774205966898 0.0 256
1774205966928 0.0 257
1774205970522 10.0 258
1774205970645 0.0 259
1774205970727 0.0 260
1774205970811 0.0 261
1774205970859 0.0 262
1774205970886 0.0 263
1774205970949 0.0 264
1774205970976 0.0 265
1774205971013 0.0 266
1774205971045 0.0 267
1774205971076 0.0 268
1774205971106 0.0 269
1774205971132 0.0 270
1774205971157 0.0 271
1774205971183 0.0 272
1774205971208 0.0 273
1774205971233 0.0 274
1774205971258 0.0 275
1774205971283 0.0 276
1774205971310 0.0 277
1774205971335 0.0 278
1774205971361 0.0 279
1774205971387 0.0 280
1774205971413 0.0 281
1774205971439 0.0 282
1774205971465 0.0 283
1774205971490 0.0 284
1774205971515 0.0 285
1774205971540 0.0 286
1774205971566 0.0 287
1774205971592 0.0 288
1774205971617 0.0 289
1774205971642 0.0 290
1774205971667 0.0 291
1774205971692 0.0 292
1774205971717 0.0 293
1774205971741 0.0 294
1774205971766 0.0 295
1774205971791 0.0 296
1774205971816 0.0 297
1774205971841 0.0 298
1774205971867 0.0 299
1774205971892 0.0 300
1774205975315 10.0 301
1774205975398 0.0 302
1774205975469 0.0 303
1774205975527 0.0 304
1774205975586 0.0 305
1774205975645 0.0 306
1774205975678 0.0 307
1774205975711 0.0 308
1774205975744 0.0 309
1774205975771 0.0 310
1774205975798 0.0 311
1774205975825 0.0 312
1774205975851 0.0 313
1774205975877 0.0 314
1774205975902 0.0 315
1774205975927 0.0 316
1774205975952 0.0 317
1774205975977 0.0 318
1774205976002 0.0 319
1774205976030 0.0 320
1774205976055 0.0 321
1774205976081 0.0 322
1774205976108 0.0 323
1774205976135 0.0 324
1774205976165 0.0 325
1774205976195 0.0 326
1774205976221 0.0 327
1774205976246 0.0 328
1774205979764 10.0 329
1774205979843 0.0 330
1774205979912 0.0 331
1774205979983 0.0 332
1774205983250 -5.0 333
1774205983323 0.0 334
1774205990702 10.0 335
1774205990901 0.0 336
1774205991038 0.0 337
1774205991065 0.0 338
1774205991092 0.0 339
1774205991119 0.0 340
1774205991145 0.0 341
1774205994975 10.0 342
1774206017537 10.0 343
1774206017808 0.0 344
1774206017852 0.0 345
1774206017879 0.0 346
1774206017906 0.0 347
1774206017933 0.0 348
1774206017959 0.0 349
1774206020354 10.0 350
1774206022395 10.0 351
1774206022537 0.0 352
1774206022640 0.0 353
1774206022678 0.0 354
1774206022713 0.0 355
1774206022745 0.0 356
1774206022772 0.0 357
1774206022798 0.0 358
1774206022824 0.0 359
1774206022849 0.0 360
1774206022874 0.0 361
1774206022899 0.0 362
1774206022924 0.0 363
1774206022948 0.0 364
1774206022973 0.0 365
1774206022998 0.0 366
1774206023023 0.0 367
1774206023048 0.0 368
1774206023073 0.0 369
1774206023097 0.0 370
1774206023122 0.0 371
1774206023147 0.0 372
1774206023172 0.0 373
1774206023197 0.0 374
1774206023223 0.0 375
1774206023249 0.0 376
1774206023274 0.0 377
1774206023299 0.0 378
1774206023327 0.0 379
1774206023353 0.0 380
1774206023380 0.0 381
1774206023407 0.0 382
1774206023432 0.0 383
1774206023459 0.0 384
1774206023484 0.0 385
1774206023509 0.0 386
1774206023535 0.0 387
1774206023561 0.0 388
1774206023586 0.0 389
1774206023612 0.0 390
1774206023638 0.0 391
1774206023662 0.0 392
1774206023698 0.0 393
1774206023723 0.0 394
1774206023748 0.0 395
1774206023773 0.0 396
1774206023799 0.0 397
1774206023825 0.0 398
1774206023850 0.0 399
1774206023875 0.0 400
1774206025850 -5.0 401
1774206025910 0.0 402
1774206027874 10.0 403
1774206028005 0.0 404
1774206028089 0.0 405
1774206028160 0.0 406
1774206028233 0.0 407
1774206028259 0.0 408
1774206030123 -5.0 409
1774206032202 10.0 410
1774206032332 0.0 411
1774206032434 0.0 412
1774206034962 10.0 413
1774206035044 0.0 414
1774206035124 0.0 415
1774206035204 0.0 416
1774206037754 10.0 417
1774206037835 0.0 418
1774206041110 10.0 419
1774206041236 0.0 420
1774206041336 0.0 421
1774206041430 0.0 422
1774206044171 -5.0 423
1774206044263 0.0 424
1774206044346 0.0 425
1774206044429 0.0 426
1774206044457 0.0 427
1774206044484 0.0 428
1774206044511 0.0 429
1774206044540 0.0 430
1774206044568 0.0 431
1774206044602 0.0 432
1774206044630 0.0 433
1774206044660 0.0 434
1774206044690 0.0 435
1774206044715 0.0 436
1774206044740 0.0 437
1774206044766 0.0 438
1774206044791 0.0 439
1774206044816 0.0 440
1774206044841 0.0 441
1774206044867 0.0 442
1774206044893 0.0 443
1774206044918 0.0 444
1774206044943 0.0 445
1774206044968 0.0 446
1774206044995 0.0 447
1774206045021 0.0 448
1774206045051 0.0 449
1774206045077 0.0 450
1774206045104 0.0 451
1774206045129 0.0 452
1774206045154 0.0 453
1774206045180 0.0 454
1774206045206 0.0 455
1774206045231 0.0 456
1774206045255 0.0 457
1774206045281 0.0 458
1774206045307 0.0 459
1774206045332 0.0 460
1774206045357 0.0 461
1774206045382 0.0 462
1774206045409 0.0 463
1774206045435 0.0 464
1774206045459 0.0 465
1774206045487 0.0 466
1774206045512 0.0 467
1774206045538 0.0 468
1774206045564 0.0 469
1774206045589 0.0 470
1774206045614 0.0 471
1774206045640 0.0 472
1774206045665 0.0 473
1774206045690 0.0 474
1774206045715 0.0 475
1774206045742 0.0 476
1774206045769 0.0 477
1774206045795 0.0 478
1774206045823 0.0 479
1774206045850 0.0 480
1774206045875 0.0 481
1774206045900 0.0 482
1774206045926 0.0 483
1774206045951 0.0 484
1774206045976 0.0 485
1774206046000 0.0 486
1774206046026 0.0 487
1774206046052 0.0 488
1774206046076 0.0 489
1774206046101 0.0 490
1774206046126 0.0 491
1774206046153 0.0 492
1774206046181 0.0 493
1774206046206 0.0 494
1774206046231 0.0 495
1774206046256 0.0 496
1774206046281 0.0 497
1774206046306 0.0 498
1774206046331 0.0 499
1774205851971 0.0 0
