1774205851974 0.9982329607009888 0
1774205855532 0.8948271870613098 1
1774205855578 0.9980993270874023 2
1774205855625 0.9982237815856934 3
1774205855680 0.9979766011238098 4
1774205855745 0.9112607836723328 5
1774205869599 0.83928382396698 6
1774205869855 0.9391427040100098 7
1774205880572 0.8978742361068726 8
1774205880695 0.997898519039154 9
1774205880802 0.9982912540435791 10
1774205880883 0.9216707348823547 11
1774205880909 0.9980590343475342 12
1774205886516 0.8632748126983643 13
1774205886546 0.9983085989952087 14
1774205886573 0.998294472694397 15
1774205891826 0.875710129737854 16
1774205891885 0.973147988319397 17
1774205891933 0.9983429908752441 18
1774205904943 0.8943871855735779 19
1774205905109 0.9982903003692627 20
1774205905242 0.9979584217071533 21
1774205909720 0.896632730960846 22
1774205909864 0.9463589191436768 23
1774205916084 0.8465588092803955 24
1774205916240 0.9646275639533997 25
1774205916283 0.9976471662521362 26
1774205916309 0.9456642866134644 27
1774205916336 0.9982324242591858 28
1774205916363 0.9983251690864563 29
1774205916390 0.9877912402153015 30
1774205916416 0.8531612753868103 31
1774205916444 0.9745532274246216 32
1774205916470 0.9702465534210205 33
1774205916494 0.9690203666687012 34
1774205916519 0.9983558058738708 35
1774205916544 0.9940658807754517 36
1774205916568 0.9871468544006348 37
1774205916593 0.9847556948661804 38
1774205916617 0.8839958310127258 39
1774205916642 0.8645209670066833 40
1774205916667 0.9560304284095764 41
1774205916692 0.8654885292053223 42
1774205916717 0.9979904890060425 43
1774205916742 0.998141884803772 44
1774205916767 0.9981297850608826 45
1774205916792 0.9980981945991516 46
1774205916817 0.9629916548728943 47
1774205916842 0.8674376606941223 48
1774205916867 0.9980168342590332 49
1774205916892 0.9698342084884644 50
1774205916918 0.9040104746818542 51
1774205916943 0.9983025193214417 52
1774205916968 0.998275637626648 53
1774205916994 0.8461096882820129 54
1774205917020 0.8900931477546692 55
1774205917045 0.8959342241287231 56
1774205917071 0.9138956665992737 57
1774205917097 0.9981859922409058 58
1774205917122 0.9966670274734497 59
1774205917148 0.9982973337173462 60
1774205917174 0.8911897540092468 61
1774205917199 0.9829596877098083 62
1774205917225 0.998304009437561 63
1774205917251 0.8896812796592712 64
1774205917276 0.8972358107566833 65
1774205917301 0.8739699721336365 66
1774205917326 0.998267412185669 67
1774205917351 0.998282790184021 68
1774205917375 0.9982928037643433 69
1774205917399 0.9037991762161255 70
1774205917424 0.9956635236740112 71
1774205917449 0.9665100574493408 72
1774205917474 0.9983242154121399 73
1774205917498 0.9883551001548767 74
1774205917522 0.9179059267044067 75
1774205917547 0.996585488319397 76
1774205917572 0.9981968402862549 77
1774205917597 0.9931945204734802 78
1774205917622 0.9982461333274841 79
1774205917646 0.9945463538169861 80
1774205917672 0.9982474446296692 81
1774205917697 0.9946348071098328 82
1774205917722 0.9981676340103149 83
1774205917747 0.9978811740875244 84
1774205917772 0.9854919910430908 85
1774205917799 0.8950719833374023 86
1774205917826 0.9834943413734436 87
1774205917850 0.874220609664917 88
1774205917875 0.9981516003608704 89
1774205917900 0.982418954372406 90
1774205917925 0.8969110250473022 91
1774205917950 0.9761673212051392 92
1774205917975 0.8871959447860718 93
1774205918000 0.997925341129303 94
1774205918026 0.9981346726417542 95
1774205918051 0.9982694387435913 96
1774205918078 0.9982565641403198 97
1774205918103 0.8852719068527222 98
1774205918128 0.8953695297241211 99
1774205918153 0.9975526928901672 100
1774205918180 0.9980573058128357 101
1774205918206 0.9805594682693481 102
1774205918231 0.9965909123420715 103
1774205918256 0.9769095778465271 104
1774205918280 0.9982326030731201 105
1774205918305 0.9974548816680908 106
1774205918329 0.9981755018234253 107
1774205918354 0.9823431968688965 108
1774205918379 0.9616174101829529 109
1774205918404 0.9979953169822693 110
1774205918430 0.9980381727218628 111
1774205920894 0.9051595330238342 112
1774205920970 0.9976866245269775 113
1774205921046 0.9981266260147095 114
1774205923937 0.8965448141098022 115
1774205923972 0.9952452182769775 116
1774205924006 0.9981303215026855 117
1774205924040 0.9977646470069885 118
1774205928150 0.8831867575645447 119
1774205928279 0.9965336322784424 120
1774205928384 0.9976856708526611 121
1774205930566 0.9069104194641113 122
1774205932718 0.8870869278907776 123
1774205932862 0.9981777667999268 124
1774205932946 0.9964045286178589 125
1774205935252 0.9073395729064941 126
1774205935332 0.9230667948722839 127
1774205935406 0.9980968236923218 128
1774205937885 0.8819725513458252 129
1774205937977 0.9977275133132935 130
1774205938062 0.9410818219184875 131
1774205938111 0.9977304935455322 132
1774205938161 0.9874714016914368 133
1774205938210 0.9979772567749023 134
1774205938262 0.9921792149543762 135
1774205938289 0.9981103539466858 136
1774205938315 0.9980165958404541 137
1774205938343 0.9980642199516296 138
1774205941049 0.8676798343658447 139
1774205941133 0.9981333017349243 140
1774205941209 0.9978945851325989 141
1774205941264 0.9940308332443237 142
1774205941290 0.9001173973083496 143
1774205941317 0.9980499148368835 144
1774205941343 0.910816490650177 145
1774205941370 0.9980550408363342 146
1774205941398 0.9974242448806763 147
1774205941426 0.9980207085609436 148
1774205941452 0.9974077939987183 149
1774205941477 0.8337879776954651 150
1774205941502 0.9979590177536011 151
1774205941526 0.996512770652771 152
1774205941551 0.9832538962364197 153
1774205941576 0.9979692101478577 154
1774205941600 0.884563148021698 155
1774205941625 0.9019975662231445 156
1774205941650 0.9980140924453735 157
1774205941675 0.9011304974555969 158
1774205941702 0.9780476093292236 159
1774205941727 0.8972443342208862 160
1774205941751 0.9976504445075989 161
1774205941776 0.9927991628646851 162
1774205941801 0.8737618923187256 163
1774205941826 0.9565610885620117 164
1774205941851 0.9218481183052063 165
1774205941876 0.984453022480011 166
1774205941901 0.960209310054779 167
1774205941925 0.9148828387260437 168
1774205941950 0.9802768230438232 169
1774205941975 0.8769912123680115 170
1774205942000 0.9094467163085938 171
1774205942025 0.9962621331214905 172
1774205942050 0.9972163438796997 173
1774205942075 0.9977027177810669 174
1774205942100 0.9976608157157898 175
1774205942125 0.9978725910186768 176
1774205942150 0.9978867769241333 177
1774205942175 0.9148082137107849 178
1774205942199 0.9970763921737671 179
1774205942224 0.9213412404060364 180
1774205942249 0.949550986289978 181
1774205942274 0.9975996613502502 182
1774205942299 0.9110906720161438 183
1774205942324 0.9976673722267151 184
1774205942348 0.8767226934432983 185
1774205942373 0.997542142868042 186
1774205942398 0.9948399662971497 187
1774205942424 0.9976868629455566 188
1774205942449 0.9978153705596924 189
1774205942474 0.9453313946723938 190
1774205942500 0.997753381729126 191
1774205942524 0.997728168964386 192
1774205942550 0.8929609060287476 193
1774205942575 0.9970711469650269 194
1774205942600 0.9948171973228455 195
1774205942626 0.9327782392501831 196
1774205942651 0.9943070411682129 197
1774205942676 0.9975826144218445 198
1774205942701 0.9245104789733887 199
1774205942726 0.912121593952179 200
1774205942758 0.997479259967804 201
1774205942785 0.997562050819397 202
1774205942814 0.9975895285606384 203
1774205942842 0.9944514036178589 204
1774205942868 0.9205124378204346 205
1774205942893 0.9974306225776672 206
1774205942918 0.997195303440094 207
1774205942943 0.9975259900093079 208
1774205946193 0.8959032893180847 209
1774205946295 0.9758579134941101 210
1774205946382 0.9957098960876465 211
1774205946464 0.990614652633667 212
1774205946498 0.9973487257957458 213
1774205946532 0.9450691938400269 214
1774205949041 0.8599377274513245 215
1774205949119 0.9970958828926086 216
1774205949191 0.996329128742218 217
1774205949258 0.9259516000747681 218
1774205953281 0.8979700207710266 219
1774205953423 0.9316044449806213 220
1774205953510 0.9972778558731079 221
1774205953586 0.9196091890335083 222
1774205953658 0.9973130822181702 223
1774205953684 0.9731229543685913 224
1774205953710 0.9973961114883423 225
1774205953737 0.997296929359436 226
1774205953764 0.9425754547119141 227
1774205953791 0.977263331413269 228
1774205956762 0.8808537125587463 229
1774205956837 0.9144952893257141 230
1774205956904 0.997158944606781 231
1774205956972 0.9799790978431702 232
1774205957041 0.9972434043884277 233
1774205959793 0.875420868396759 234
1774205959872 0.9971989393234253 235
1774205959942 0.9318459630012512 236
1774205960013 0.9971755146980286 237
1774205963213 0.8880004286766052 238
1774205963316 0.9948688745498657 239
1774205963403 0.9965996146202087 240
1774205963463 0.997217059135437 241
1774205963489 0.985188364982605 242
1774205963515 0.9972336292266846 243
1774205963542 0.9296069145202637 244
1774205963568 0.9971970915794373 245
1774205963595 0.9935243129730225 246
1774205963622 0.9972478747367859 247
1774205966487 0.875616729259491 248
1774205966555 0.9957553148269653 249
1774205966616 0.917912483215332 250
1774205966670 0.9935463070869446 251
1774205966718 0.936936616897583 252
1774205966765 0.9935191869735718 253
1774205966836 0.9289862513542175 254
1774205966870 0.9553301930427551 255
1774205966900 0.9972106218338013 256
1774205966930 0.9361830353736877 257
1774205970526 0.9051042199134827 258
1774205970647 0.9846847653388977 259
1774205970729 0.9969640374183655 260
1774205970813 0.8893580436706543 261
1774205970861 0.8596003651618958 262
1774205970887 0.9968849420547485 263
1774205970951 0.9756664633750916 264
1774205970979 0.9914931654930115 265
1774205971017 0.9970555901527405 266
1774205971048 0.9917160272598267 267
1774205971079 0.9961093068122864 268
1774205971109 0.9969968795776367 269
1774205971135 0.9969295859336853 270
1774205971159 0.9967256188392639 271
1774205971185 0.9018267393112183 272
1774205971210 0.9961947798728943 273
1774205971235 0.907960832118988 274
1774205971260 0.9141772389411926 275
1774205971286 0.965873658657074 276
1774205971312 0.9804094433784485 277
1774205971337 0.9938645362854004 278
1774205971363 0.996775209903717 279
1774205971389 0.9965632557868958 280
1774205971415 0.9413204789161682 281
1774205971441 0.9148063063621521 282
1774205971467 0.8908770680427551 283
1774205971492 0.8937931060791016 284
1774205971517 0.9910897612571716 285
1774205971542 0.9963698387145996 286
1774205971568 0.945723831653595 287
1774205971594 0.9967629909515381 288
1774205971619 0.996534526348114 289
1774205971644 0.9966609477996826 290
1774205971669 0.9959648251533508 291
1774205971694 0.9967772960662842 292
1774205971719 0.9786263704299927 293
1774205971743 0.9965193867683411 294
1774205971768 0.9963858723640442 295
1774205971793 0.9967237114906311 296
1774205971818 0.9968222975730896 297
1774205971843 0.9844788312911987 298
1774205971869 0.8621623516082764 299
1774205971894 0.9961293935775757 300
1774205975317 0.8891024589538574 301
1774205975400 0.9154452681541443 302
1774205975471 0.9964466691017151 303
1774205975530 0.9484354853630066 304
1774205975588 0.9371467232704163 305
1774205975647 0.9303365349769592 306
1774205975682 0.9360373020172119 307
1774205975715 0.9959222674369812 308
1774205975746 0.9962631464004517 309
1774205975773 0.9965834021568298 310
1774205975800 0.927482545375824 311
1774205975827 0.9961887001991272 312
1774205975853 0.9951584339141846 313
1774205975879 0.9962096810340881 314
1774205975904 0.9964846968650818 315
1774205975929 0.9288628697395325 316
1774205975954 0.9963451623916626 317
1774205975979 0.9860637187957764 318
1774205976005 0.9703904986381531 319
1774205976032 0.985038161277771 320
1774205976057 0.9274598956108093 321
1774205976083 0.9768452644348145 322
1774205976110 0.996049165725708 323
1774205976137 0.9286044239997864 324
1774205976168 0.9962719678878784 325
1774205976198 0.9962399005889893 326
1774205976223 0.9698656797409058 327
1774205976248 0.9903711676597595 328
1774205979766 0.8806240558624268 329
1774205979845 0.9205880761146545 330
1774205979914 0.9964527487754822 331
1774205979985 0.9924463033676147 332
1774205983252 0.8964943289756775 333
1774205983325 0.9902160167694092 334
1774205990705 0.888004720211029 335
1774205990903 0.9962942004203796 336
1774205991040 0.9961209297180176 337
1774205991067 0.9822335839271545 338
1774205991094 0.9759618043899536 339
1774205991121 0.9964781999588013 340
1774205991147 0.9959191083908081 341
1774205994977 0.8678086400032043 342
1774206017540 0.9073813557624817 343
1774206017810 0.9960500597953796 344
1774206017854 0.9964052438735962 345
1774206017881 0.9962958097457886 346
1774206017908 0.995353102684021 347
1774206017935 0.9248051047325134 348
1774206017961 0.996286153793335 349
1774206020357 0.8959706425666809 350
1774206022398 0.871837854385376 351
1774206022539 0.8871187567710876 352
1774206022644 0.9213919639587402 353
1774206022681 0.9196083545684814 354
1774206022716 0.9963481426239014 355
1774206022747 0.9538301825523376 356
1774206022774 0.8134028315544128 357
1774206022800 0.9879496097564697 358
1774206022826 0.8664007186889648 359
1774206022851 0.8471527695655823 360
1774206022876 0.996354877948761 361
1774206022901 0.974277675151825 362
1774206022926 0.9963362812995911 363
1774206022950 0.9959892630577087 364
1774206022975 0.9962829947471619 365
1774206023000 0.996045708656311 366
1774206023025 0.9932236075401306 367
1774206023050 0.9803493022918701 368
1774206023075 0.9962798357009888 369
1774206023099 0.9957526326179504 370
1774206023124 0.8672590255737305 371
1774206023149 0.9959753155708313 372
1774206023174 0.9959704875946045 373
1774206023199 0.9961142539978027 374
1774206023225 0.9964213967323303 375
1774206023251 0.9118430018424988 376
1774206023276 0.8940563797950745 377
1774206023301 0.9390922784805298 378
1774206023329 0.8945124745368958 379
1774206023355 0.9929310083389282 380
1774206023382 0.8732258081436157 381
1774206023409 0.8722898960113525 382
1774206023434 0.8979784250259399 383
1774206023461 0.9959356188774109 384
1774206023486 0.996151864528656 385
1774206023512 0.996269941329956 386
1774206023537 0.9960803985595703 387
1774206023563 0.9961839318275452 388
1774206023588 0.9105724096298218 389
1774206023614 0.9962570667266846 390
1774206023640 0.9020319581031799 391
1774206023664 0.8425968885421753 392
1774206023700 0.9961394667625427 393
1774206023725 0.989374577999115 394
1774206023750 0.995976448059082 395
1774206023775 0.8991390466690063 396
1774206023801 0.8635641932487488 397
1774206023827 0.9527996778488159 398
1774206023852 0.9018897414207458 399
1774206023877 0.935836911201477 400
1774206025853 0.9026561379432678 401
1774206025913 0.9957365393638611 402
1774206027876 0.8700737953186035 403
1774206028007 0.9960145950317383 404
1774206028091 0.9958389401435852 405
1774206028162 0.996017575263977 406
1774206028235 0.9959697127342224 407
1774206028261 0.9877849221229553 408
1774206030126 0.8988713026046753 409
1774206032204 0.8813562393188477 410
1774206032334 0.9960799217224121 411
1774206032436 0.9958385825157166 412
1774206034965 0.8927388191223145 413
1774206035046 0.9852941632270813 414
1774206035127 0.9699782133102417 415
1774206035206 0.988431990146637 416
1774206037757 0.9073259234428406 417
1774206037839 0.9932601451873779 418
1774206041112 0.8258724808692932 419
1774206041238 0.9959250688552856 420
1774206041338 0.9878180623054504 421
1774206041432 0.9274023175239563 422
1774206044174 0.8888057470321655 423
1774206044266 0.995786190032959 424
1774206044348 0.9958064556121826 425
1774206044431 0.978589653968811 426
1774206044459 0.9722138047218323 427
1774206044487 0.9955997467041016 428
1774206044514 0.9516757726669312 429
1774206044542 0.9957118034362793 430
1774206044572 0.9921034574508667 431
1774206044604 0.9030913710594177 432
1774206044633 0.8490954637527466 433
1774206044664 0.907252848148346 434
1774206044692 0.9955560564994812 435
1774206044717 0.8980242609977722 436
1774206044742 0.9321202635765076 437
1774206044768 0.8937557935714722 438
1774206044793 0.9834198951721191 439
1774206044818 0.99508136510849 440
1774206044843 0.9506939053535461 441
1774206044869 0.9956895112991333 442
1774206044895 0.993415117263794 443
1774206044920 0.9924271106719971 444
1774206044945 0.9954149723052979 445
1774206044971 0.994866669178009 446
1774206044997 0.8369967341423035 447
1774206045024 0.9924005270004272 448
1774206045055 0.9954454302787781 449
1774206045081 0.9602583050727844 450
1774206045106 0.9941626191139221 451
1774206045131 0.9936902523040771 452
1774206045156 0.9954047203063965 453
1774206045182 0.995514452457428 454
1774206045208 0.9954057931900024 455
1774206045233 0.9634623527526855 456
1774206045258 0.9137661457061768 457
1774206045283 0.9844444990158081 458
1774206045308 0.9939687848091125 459
1774206045334 0.9951780438423157 460
1774206045359 0.8150860071182251 461
1774206045384 0.8195775151252747 462
1774206045411 0.9946178793907166 463
1774206045436 0.8260018825531006 464
1774206045461 0.9948548078536987 465
1774206045488 0.9949473142623901 466
1774206045514 0.9950233697891235 467
1774206045540 0.9952652454376221 468
1774206045566 0.9925957322120667 469
1774206045591 0.9567988514900208 470
1774206045616 0.8665341138839722 471
1774206045642 0.9950446486473083 472
1774206045667 0.9117612838745117 473
1774206045692 0.9538800716400146 474
1774206045717 0.9723312854766846 475
1774206045744 0.8602796196937561 476
1774206045771 0.9949594736099243 477
1774206045797 0.9949066042900085 478
1774206045826 0.993890106678009 479
1774206045852 0.9943985342979431 480
1774206045877 0.9937029480934143 481
1774206045902 0.9945434927940369 482
1774206045928 0.9930911660194397 483
1774206045953 0.9389768242835999 484
1774206045978 0.9947067499160767 485
1774206046002 0.9799000024795532 486
1774206046028 0.994638979434967 487
1774206046053 0.9878763556480408 488
1774206046078 0.9941400289535522 489
1774206046103 0.9841090440750122 490
1774206046128 0.9942318201065063 491
1774206046156 0.9607535600662231 492
1774206046183 0.9941695928573608 493
1774206046208 0.9215339422225952 494
1774206046233 0.9923864006996155 495
1774206046258 0.9138706922531128 496
1774206046283 0.9898452758789062 497
1774206046308 0.9211717247962952 498
1774206046333 0.8468717336654663 499
1774205851974 0.9982329607009888 0
