1774205851970 0.9666666666666667 0
1774205855525 2.0729166666666665 1
1774205855569 1.0 2
1774205855617 0.9833333333333333 3
1774205855666 0.95 4
1774205855729 -0.4 5
1774205869592 -3.15625 6
1774205869848 -0.6333333333333333 7
1774205880569 1.4291666666666667 8
1774205880692 0.95 9
1774205880799 0.9833333333333333 10
1774205880879 -0.36666666666666664 11
1774205880906 0.9166666666666666 12
1774205886513 2.2125 13
1774205886543 0.95 14
1774205886570 0.9333333333333333 15
1774205891823 2.910416666666667 16
1774205891881 0.5333333333333333 17
1774205891930 1.0 18
1774205904935 -2.566666666666667 19
1774205905103 1.0 20
1774205905236 0.95 21
1774205909716 -1.0333333333333334 22
1774205909839 0.46875 23
1774205916080 3.2020833333333334 24
1774205916237 0.38333333333333336 25
1774205916280 0.9833333333333333 26
1774205916306 0.13333333333333333 27
1774205916332 0.95 28
1774205916360 0.9833333333333333 29
1774205916387 0.8833333333333333 30
1774205916413 3.3291666666666666 31
1774205916440 -0.06666666666666667 32
1774205916466 0.45 33
1774205916491 0.6458333333333334 34
1774205916516 0.95 35
1774205916540 0.95 36
1774205916565 0.85 37
1774205916589 0.8166666666666667 38
1774205916614 3.0625 39
1774205916639 1.6854166666666666 40
1774205916664 0.36666666666666664 41
1774205916689 1.2958333333333334 42
1774205916714 0.9833333333333333 43
1774205916738 0.9666666666666667 44
1774205916764 0.95 45
1774205916789 0.95 46
1774205916813 0.36666666666666664 47
1774205916838 3.2625 48
1774205916864 0.95 49
1774205916889 0.4166666666666667 50
1774205916915 1.5708333333333333 51
1774205916940 1.0 52
1774205916965 0.9833333333333333 53
1774205916990 2.995833333333333 54
1774205917016 -0.9666666666666667 55
1774205917042 -0.49166666666666664 56
1774205917067 1.5770833333333334 57
1774205917094 0.9833333333333333 58
1774205917119 0.9833333333333333 59
1774205917145 0.9833333333333333 60
1774205917170 3.504166666666667 61
1774205917196 0.8 62
1774205917222 0.9833333333333333 63
1774205917248 3.314583333333333 64
1774205917273 -0.6333333333333333 65
1774205917298 0.058333333333333334 66
1774205917323 1.0 67
1774205917347 0.9833333333333333 68
1774205917371 0.9833333333333333 69
1774205917396 2.6041666666666665 70
1774205917421 0.85 71
1774205917446 0.5 72
1774205917471 0.95 73
1774205917495 0.6666666666666666 74
1774205917519 -0.6 75
1774205917544 0.9333333333333333 76
1774205917569 0.9833333333333333 77
1774205917594 0.9166666666666666 78
1774205917618 0.9833333333333333 79
1774205917643 0.9 80
1774205917668 0.9833333333333333 81
1774205917694 0.9666666666666667 82
1774205917719 0.9833333333333333 83
1774205917744 0.9666666666666667 84
1774205917769 0.6833333333333333 85
1774205917794 1.8208333333333333 86
1774205917822 0.7333333333333333 87
1774205917847 -0.1 88
1774205917872 0.9833333333333333 89
1774205917897 0.6333333333333333 90
1774205917922 2.8666666666666667 91
1774205917947 0.6 92
1774205917972 2.6875 93
1774205917997 0.9333333333333333 94
1774205918022 0.9833333333333333 95
1774205918048 0.9666666666666667 96
1774205918075 0.9666666666666667 97
1774205918099 -1.4166666666666667 98
1774205918125 1.6229166666666666 99
1774205918150 0.9833333333333333 100
1774205918177 0.95 101
1774205918202 0.6166666666666667 102
1774205918228 0.9833333333333333 103
1774205918253 0.5333333333333333 104
1774205918277 0.9333333333333333 105
1774205918302 0.9666666666666667 106
1774205918326 0.95 107
1774205918351 0.7333333333333333 108
1774205918376 0.5 109
1774205918401 0.9833333333333333 110
1774205918426 1.0 111
1774205920887 6.697916666666667 112
1774205920963 0.9666666666666667 113
1774205921038 0.9833333333333333 114
1774205923933 3.1875 115
1774205923968 0.95 116
1774205924002 0.9666666666666667 117
1774205924036 0.9666666666666667 118
1774205928145 -1.2 119
1774205928275 0.9333333333333333 120
1774205928381 0.9666666666666667 121
1774205930560 -1.05 122
1774205932713 3.472916666666667 123
1774205932859 0.95 124
1774205932943 0.9333333333333333 125
1774205935248 2.3854166666666665 126
1774205935327 -0.5166666666666667 127
1774205935402 0.95 128
1774205937880 3.654166666666667 129
1774205937973 0.9166666666666666 130
1774205938058 0.1 131
1774205938108 0.9666666666666667 132
1774205938158 0.8333333333333334 133
1774205938207 0.9833333333333333 134
1774205938259 0.9166666666666666 135
1774205938285 0.95 136
1774205938312 0.9833333333333333 137
1774205938339 1.0 138
1774205941045 2.0375 139
1774205941130 0.9666666666666667 140
1774205941206 0.9333333333333333 141
1774205941261 0.95 142
1774205941287 2.69375 143
1774205941314 0.9833333333333333 144
1774205941340 2.5729166666666665 145
1774205941367 0.9666666666666667 146
1774205941395 0.9666666666666667 147
1774205941422 0.95 148
1774205941449 0.95 149
1774205941474 -3.5729166666666665 150
1774205941499 0.9333333333333333 151
1774205941523 0.95 152
1774205941548 0.65 153
1774205941572 0.9833333333333333 154
1774205941597 -1.0 155
1774205941622 -0.7333333333333333 156
1774205941647 0.95 157
1774205941671 -0.3375 158
1774205941699 0.6 159
1774205941724 4.079166666666667 160
1774205941748 0.9833333333333333 161
1774205941773 0.9 162
1774205941798 3.716666666666667 163
1774205941823 0.3333333333333333 164
1774205941848 3.816666666666667 165
1774205941873 0.7166666666666667 166
1774205941898 0.3 167
1774205941922 6.99375 168
1774205941947 0.7 169
1774205941972 3.5395833333333333 170
1774205941996 2.970833333333333 171
1774205942022 0.9166666666666666 172
1774205942046 0.9833333333333333 173
1774205942072 0.9833333333333333 174
1774205942097 0.9333333333333333 175
1774205942121 0.95 176
1774205942146 1.0 177
1774205942171 2.5729166666666665 178
1774205942196 0.9333333333333333 179
1774205942220 -0.35 180
1774205942245 0.4875 181
1774205942271 0.95 182
1774205942296 3.5625 183
1774205942321 1.0 184
1774205942345 0.8958333333333334 185
1774205942370 0.95 186
1774205942395 0.9333333333333333 187
1774205942421 0.95 188
1774205942446 0.9666666666666667 189
1774205942471 0.33541666666666664 190
1774205942496 0.9666666666666667 191
1774205942521 0.9 192
1774205942546 3.777083333333333 193
1774205942572 0.9666666666666667 194
1774205942597 0.95 195
1774205942622 0.0 196
1774205942647 0.8833333333333333 197
1774205942672 1.0 198
1774205942697 -1.6166666666666667 199
1774205942723 0.61875 200
1774205942750 0.95 201
1774205942781 0.9833333333333333 202
1774205942811 0.9333333333333333 203
1774205942837 0.8 204
1774205942865 -0.05 205
1774205942890 0.95 206
1774205942915 0.9833333333333333 207
1774205942940 0.95 208
1774205946189 2.3895833333333334 209
1774205946291 0.7 210
1774205946379 0.9166666666666666 211
1774205946460 0.8666666666666667 212
1774205946492 0.9833333333333333 213
1774205946526 0.21041666666666667 214
1774205949037 5.910416666666666 215
1774205949115 0.95 216
1774205949188 0.9166666666666666 217
1774205949254 8.05625 218
1774205953276 -2.3 219
1774205953420 4.122916666666667 220
1774205953507 0.9666666666666667 221
1774205953583 3.8895833333333334 222
1774205953654 0.95 223
1774205953681 0.6 224
1774205953707 0.9666666666666667 225
1774205953734 0.95 226
1774205953761 -0.3 227
1774205953787 0.55 228
1774205956756 5.227083333333334 229
1774205956834 4.985416666666667 230
1774205956900 0.95 231
1774205956968 0.7833333333333333 232
1774205957038 0.9666666666666667 233
1774205959789 5.997916666666667 234
1774205959869 0.9833333333333333 235
1774205959939 -0.16666666666666666 236
1774205960010 0.9666666666666667 237
1774205963208 5.239583333333333 238
1774205963311 0.9333333333333333 239
1774205963400 0.9833333333333333 240
1774205963459 0.9166666666666666 241
1774205963486 0.75 242
1774205963512 0.9666666666666667 243
1774205963539 2.80625 244
1774205963565 0.9333333333333333 245
1774205963592 0.9166666666666666 246
1774205963619 0.9166666666666666 247
1774205966481 -1.6833333333333333 248
1774205966550 0.9166666666666666 249
1774205966613 -0.18125 250
1774205966666 0.9333333333333333 251
1774205966714 -0.6333333333333333 252
1774205966762 0.9333333333333333 253
1774205966809 2.747916666666667 254
1774205966866 -0.06666666666666667 255
1774205966897 0.9833333333333333 256
1774205966927 -1.6833333333333333 257
1774205970521 2.1479166666666667 258
1774205970644 0.7166666666666667 259
1774205970726 0.9666666666666667 260
1774205970810 -5.483333333333333 261
1774205970858 -3.5479166666666666 262
1774205970884 0.9666666666666667 263
1774205970947 0.6333333333333333 264
1774205970975 0.85 265
1774205971011 0.95 266
1774205971043 0.8833333333333333 267
1774205971074 0.9333333333333333 268
1774205971105 0.95 269
1774205971131 0.9333333333333333 270
1774205971156 0.9333333333333333 271
1774205971182 -0.5333333333333333 272
1774205971207 0.9166666666666666 273
1774205971232 0.7625 274
1774205971257 -1.55 275
1774205971282 0.2 276
1774205971309 0.6333333333333333 277
1774205971334 0.9 278
1774205971360 0.9166666666666666 279
1774205971386 0.95 280
1774205971412 0.49375 281
1774205971438 6.7125 282
1774205971464 2.6729166666666666 283
1774205971489 -6.15 284
1774205971514 0.8 285
1774205971539 0.9 286
1774205971565 -0.16666666666666666 287
1774205971591 0.9333333333333333 288
1774205971616 0.9666666666666667 289
1774205971641 0.9666666666666667 290
1774205971666 0.95 291
1774205971690 0.9666666666666667 292
1774205971716 0.43333333333333335 293
1774205971740 0.9666666666666667 294
1774205971765 0.9333333333333333 295
1774205971790 0.9166666666666666 296
1774205971815 1.0 297
1774205971840 0.7333333333333333 298
1774205971865 -3.5166666666666666 299
1774205971891 0.9666666666666667 300
1774205975313 4.310416666666667 301
1774205975396 4.039583333333334 302
1774205975467 0.9166666666666666 303
1774205975526 0.6770833333333334 304
1774205975585 4.41875 305
1774205975644 3.1375 306
1774205975675 3.75 307
1774205975709 0.8833333333333333 308
1774205975743 0.9666666666666667 309
1774205975770 0.9833333333333333 310
1774205975797 7.735416666666667 311
1774205975824 0.8833333333333333 312
1774205975850 0.9666666666666667 313
1774205975875 0.9666666666666667 314
1774205975900 0.9166666666666666 315
1774205975926 2.120833333333333 316
1774205975950 0.9166666666666666 317
1774205975976 0.8666666666666667 318
1774205976001 0.36666666666666664 319
1774205976029 0.7666666666666667 320
1774205976054 2.2916666666666665 321
1774205976080 0.4666666666666667 322
1774205976107 0.9833333333333333 323
1774205976133 3.1041666666666665 324
1774205976163 0.9833333333333333 325
1774205976194 0.9333333333333333 326
1774205976220 0.5333333333333333 327
1774205976245 0.9166666666666666 328
1774205979761 0.79375 329
1774205979842 4.875 330
1774205979911 1.0 331
1774205979982 0.9 332
1774205983248 -1.3333333333333333 333
1774205983322 0.8166666666666667 334
1774205990701 -2.0833333333333335 335
1774205990899 0.9666666666666667 336
1774205991037 0.95 337
1774205991064 0.8333333333333334 338
1774205991091 0.3333333333333333 339
1774205991118 0.95 340
1774205991144 0.9166666666666666 341
1774205994973 3.245833333333333 342
1774206017536 -3.433333333333333 343
1774206017807 0.9833333333333333 344
1774206017851 0.8833333333333333 345
1774206017878 0.9 346
1774206017905 0.9 347
1774206017932 -0.3 348
1774206017958 0.9833333333333333 349
1774206020352 -1.1666666666666667 350
1774206022393 5.608333333333333 351
1774206022536 2.8854166666666665 352
1774206022637 3.5083333333333333 353
1774206022676 2.55625 354
1774206022711 0.9666666666666667 355
1774206022744 0.2833333333333333 356
1774206022771 -2.9833333333333334 357
1774206022797 0.7666666666666667 358
1774206022823 -2.25 359
1774206022848 -2.9270833333333335 360
1774206022873 0.9166666666666666 361
1774206022898 0.4666666666666667 362
1774206022923 0.95 363
1774206022947 0.9333333333333333 364
1774206022972 0.8833333333333333 365
1774206022996 0.9333333333333333 366
1774206023022 0.8833333333333333 367
1774206023047 0.7333333333333333 368
1774206023071 0.8833333333333333 369
1774206023096 0.9666666666666667 370
1774206023121 2.064583333333333 371
1774206023146 0.8833333333333333 372
1774206023171 0.8833333333333333 373
1774206023196 0.9 374
1774206023222 0.9166666666666666 375
1774206023247 3.9520833333333334 376
1774206023273 1.80625 377
1774206023298 0.016666666666666666 378
1774206023326 1.85625 379
1774206023352 0.9166666666666666 380
1774206023378 0.8020833333333334 381
1774206023405 5.116666666666666 382
1774206023431 -1.75 383
1774206023457 0.9833333333333333 384
1774206023483 0.95 385
1774206023508 0.9833333333333333 386
1774206023534 0.8833333333333333 387
1774206023559 0.9666666666666667 388
1774206023585 2.6458333333333335 389
1774206023611 0.9666666666666667 390
1774206023637 -1.3166666666666667 391
1774206023661 -2.75625 392
1774206023686 0.9333333333333333 393
1774206023722 0.8666666666666667 394
1774206023746 0.95 395
1774206023771 3.71875 396
1774206023798 3.316666666666667 397
1774206023824 0.15 398
1774206023848 1.675 399
1774206023874 -0.3333333333333333 400
1774206025848 -0.10625 401
1774206025908 0.9 402
1774206027872 2.0625 403
1774206028004 0.9833333333333333 404
1774206028088 0.9 405
1774206028159 0.8833333333333333 406
1774206028231 0.9 407
1774206028258 0.8 408
1774206030120 -0.5666666666666667 409
1774206032200 2.4791666666666665 410
1774206032331 0.9333333333333333 411
1774206032433 0.9333333333333333 412
1774206034960 1.5666666666666667 413
1774206035043 0.7333333333333333 414
1774206035123 0.25 415
1774206035203 0.8166666666666667 416
1774206037752 3.560416666666667 417
1774206037834 0.8166666666666667 418
1774206041108 3.3375 419
1774206041235 0.95 420
1774206041335 0.8666666666666667 421
1774206041428 3.2375 422
1774206044169 -1.0333333333333334 423
1774206044262 0.95 424
1774206044344 0.95 425
1774206044427 0.6833333333333333 426
1774206044456 0.6833333333333333 427
1774206044483 0.9166666666666666 428
1774206044510 0.4354166666666667 429
1774206044539 0.9666666666666667 430
1774206044566 0.9166666666666666 431
1774206044600 -0.075 432
1774206044629 5.3375 433
1774206044659 -1.1333333333333333 434
1774206044688 0.9666666666666667 435
1774206044714 1.6229166666666666 436
1774206044739 -0.16666666666666666 437
1774206044765 2.625 438
1774206044790 0.5833333333333334 439
1774206044815 0.9333333333333333 440
1774206044840 0.11666666666666667 441
1774206044865 0.95 442
1774206044891 0.9333333333333333 443
1774206044917 0.9 444
1774206044942 1.0 445
1774206044967 0.9 446
1774206044993 -1.9166666666666667 447
1774206045020 0.8666666666666667 448
1774206045049 0.9 449
1774206045076 0.6708333333333333 450
1774206045103 0.9 451
1774206045128 0.95 452
1774206045153 0.9333333333333333 453
1774206045179 0.9833333333333333 454
1774206045205 0.9833333333333333 455
1774206045230 0.6125 456
1774206045254 -1.3833333333333333 457
1774206045280 0.8 458
1774206045305 0.9166666666666666 459
1774206045330 0.9666666666666667 460
1774206045356 2.5416666666666665 461
1774206045381 3.9916666666666667 462
1774206045407 0.8833333333333333 463
1774206045433 -3.3125 464
1774206045458 0.9833333333333333 465
1774206045485 0.95 466
1774206045511 0.8666666666666667 467
1774206045537 0.9166666666666666 468
1774206045563 0.8833333333333333 469
1774206045587 0.31666666666666665 470
1774206045613 0.44583333333333336 471
1774206045639 0.9 472
1774206045664 -0.44375 473
1774206045689 0.25 474
1774206045714 0.48333333333333334 475
1774206045741 3.20625 476
1774206045767 0.9833333333333333 477
1774206045793 0.9 478
1774206045819 0.9 479
1774206045849 0.9 480
1774206045874 0.9 481
1774206045899 0.9666666666666667 482
1774206045925 0.9666666666666667 483
1774206045949 -0.1 484
1774206045974 0.9166666666666666 485
1774206045999 0.75 486
1774206046025 0.9 487
1774206046050 0.8 488
1774206046075 0.9166666666666666 489
1774206046100 0.7333333333333333 490
1774206046125 0.9333333333333333 491
1774206046151 0.7166666666666667 492
1774206046180 0.9 493
1774206046205 3.09375 494
1774206046230 0.95 495
1774206046255 -0.4 496
1774206046280 0.7666666666666667 497
1774206046304 3.1458333333333335 498
1774206046330 -4.65 499
1774205851970 0.9666666666666667 0
