1774205851973 0.9666666666666667 0
1774205855530 12.072916666666666 1
1774205855575 1.0 2
1774205855622 0.9833333333333333 3
1774205855675 0.95 4
1774205855739 -0.4 5
1774205869597 -8.15625 6
1774205869853 -0.6333333333333333 7
1774205880571 11.429166666666667 8
1774205880694 0.95 9
1774205880801 0.9833333333333333 10
1774205880882 -0.36666666666666664 11
1774205880908 0.9166666666666666 12
1774205886515 12.2125 13
1774205886545 0.95 14
1774205886572 0.9333333333333333 15
1774205891825 12.910416666666666 16
1774205891884 0.5333333333333333 17
1774205891932 1.0 18
1774205904941 7.433333333333334 19
1774205905108 1.0 20
1774205905241 0.95 21
1774205909719 -6.033333333333333 22
1774205909842 0.46875 23
1774205916083 13.202083333333334 24
1774205916239 0.38333333333333336 25
1774205916282 0.9833333333333333 26
1774205916308 0.13333333333333333 27
1774205916335 0.95 28
1774205916362 0.9833333333333333 29
1774205916389 0.8833333333333333 30
1774205916416 3.3291666666666666 31
1774205916443 -0.06666666666666667 32
1774205916469 0.45 33
1774205916493 0.6458333333333334 34
1774205916518 0.95 35
1774205916543 0.95 36
1774205916567 0.85 37
1774205916592 0.8166666666666667 38
1774205916616 3.0625 39
1774205916641 1.6854166666666666 40
1774205916666 0.36666666666666664 41
1774205916691 1.2958333333333334 42
1774205916716 0.9833333333333333 43
1774205916741 0.9666666666666667 44
1774205916766 0.95 45
1774205916791 0.95 46
1774205916816 0.36666666666666664 47
1774205916841 3.2625 48
1774205916866 0.95 49
1774205916891 0.4166666666666667 50
1774205916917 1.5708333333333333 51
1774205916942 1.0 52
1774205916967 0.9833333333333333 53
1774205916993 2.995833333333333 54
1774205917019 -0.9666666666666667 55
1774205917044 -0.49166666666666664 56
1774205917070 1.5770833333333334 57
1774205917096 0.9833333333333333 58
1774205917121 0.9833333333333333 59
1774205917147 0.9833333333333333 60
1774205917173 3.504166666666667 61
1774205917198 0.8 62
1774205917224 0.9833333333333333 63
1774205917250 3.314583333333333 64
1774205917275 -0.6333333333333333 65
1774205917300 0.058333333333333334 66
1774205917325 1.0 67
1774205917350 0.9833333333333333 68
1774205917374 0.9833333333333333 69
1774205917398 2.6041666666666665 70
1774205917423 0.85 71
1774205917448 0.5 72
1774205917473 0.95 73
1774205917497 0.6666666666666666 74
1774205917522 -0.6 75
1774205917546 0.9333333333333333 76
1774205917571 0.9833333333333333 77
1774205917596 0.9166666666666666 78
1774205917621 0.9833333333333333 79
1774205917645 0.9 80
1774205917671 0.9833333333333333 81
1774205917696 0.9666666666666667 82
1774205917721 0.9833333333333333 83
1774205917746 0.9666666666666667 84
1774205917771 0.6833333333333333 85
1774205917796 1.8208333333333333 86
1774205917825 0.7333333333333333 87
1774205917849 -0.1 88
1774205917875 0.9833333333333333 89
1774205917899 0.6333333333333333 90
1774205917924 2.8666666666666667 91
1774205917949 0.6 92
1774205917974 2.6875 93
1774205917999 0.9333333333333333 94
1774205918025 0.9833333333333333 95
1774205918050 0.9666666666666667 96
1774205918077 0.9666666666666667 97
1774205918102 -1.4166666666666667 98
1774205918127 1.6229166666666666 99
1774205918152 0.9833333333333333 100
1774205918179 0.95 101
1774205918205 0.6166666666666667 102
1774205918230 0.9833333333333333 103
1774205918255 0.5333333333333333 104
1774205918279 0.9333333333333333 105
1774205918304 0.9666666666666667 106
1774205918328 0.95 107
1774205918353 0.7333333333333333 108
1774205918378 0.5 109
1774205918403 0.9833333333333333 110
1774205918429 1.0 111
1774205920892 16.697916666666668 112
1774205920967 0.9666666666666667 113
1774205921044 0.9833333333333333 114
1774205923935 13.1875 115
1774205923971 0.95 116
1774205924005 0.9666666666666667 117
1774205924039 0.9666666666666667 118
1774205928149 -6.2 119
1774205928278 0.9333333333333333 120
1774205928383 0.9666666666666667 121
1774205930564 -6.05 122
1774205932716 13.472916666666666 123
1774205932861 0.95 124
1774205932945 0.9333333333333333 125
1774205935250 12.385416666666666 126
1774205935330 -0.5166666666666667 127
1774205935405 0.95 128
1774205937883 13.654166666666667 129
1774205937976 0.9166666666666666 130
1774205938060 0.1 131
1774205938110 0.9666666666666667 132
1774205938160 0.8333333333333334 133
1774205938209 0.9833333333333333 134
1774205938261 0.9166666666666666 135
1774205938288 0.95 136
1774205938315 0.9833333333333333 137
1774205938342 1.0 138
1774205941048 12.0375 139
1774205941132 0.9666666666666667 140
1774205941209 0.9333333333333333 141
1774205941263 0.95 142
1774205941289 2.69375 143
1774205941316 0.9833333333333333 144
1774205941342 2.5729166666666665 145
1774205941369 0.9666666666666667 146
1774205941397 0.9666666666666667 147
1774205941425 0.95 148
1774205941451 0.95 149
1774205941476 -3.5729166666666665 150
1774205941501 0.9333333333333333 151
1774205941525 0.95 152
1774205941550 0.65 153
1774205941575 0.9833333333333333 154
1774205941599 -1.0 155
1774205941624 -0.7333333333333333 156
1774205941649 0.95 157
1774205941674 -0.3375 158
1774205941701 0.6 159
1774205941726 4.079166666666667 160
1774205941750 0.9833333333333333 161
1774205941775 0.9 162
1774205941800 3.716666666666667 163
1774205941825 0.3333333333333333 164
1774205941850 3.816666666666667 165
1774205941875 0.7166666666666667 166
1774205941900 0.3 167
1774205941925 6.99375 168
1774205941949 0.7 169
1774205941974 3.5395833333333333 170
1774205941999 2.970833333333333 171
1774205942024 0.9166666666666666 172
1774205942049 0.9833333333333333 173
1774205942074 0.9833333333333333 174
1774205942099 0.9333333333333333 175
1774205942124 0.95 176
1774205942149 1.0 177
1774205942174 2.5729166666666665 178
1774205942198 0.9333333333333333 179
1774205942223 -0.35 180
1774205942248 0.4875 181
1774205942273 0.95 182
1774205942298 3.5625 183
1774205942323 1.0 184
1774205942347 0.8958333333333334 185
1774205942372 0.95 186
1774205942397 0.9333333333333333 187
1774205942423 0.95 188
1774205942448 0.9666666666666667 189
1774205942473 0.33541666666666664 190
1774205942499 0.9666666666666667 191
1774205942523 0.9 192
1774205942549 3.777083333333333 193
1774205942574 0.9666666666666667 194
1774205942599 0.95 195
1774205942625 0.0 196
1774205942650 0.8833333333333333 197
1774205942675 1.0 198
1774205942700 -1.6166666666666667 199
1774205942725 0.61875 200
1774205942756 0.95 201
1774205942784 0.9833333333333333 202
1774205942813 0.9333333333333333 203
1774205942840 0.8 204
1774205942867 -0.05 205
1774205942892 0.95 206
1774205942917 0.9833333333333333 207
1774205942942 0.95 208
1774205946192 12.389583333333334 209
1774205946294 0.7 210
1774205946381 0.9166666666666666 211
1774205946463 0.8666666666666667 212
1774205946496 0.9833333333333333 213
1774205946530 0.21041666666666667 214
1774205949040 15.910416666666666 215
1774205949118 0.95 216
1774205949190 0.9166666666666666 217
1774205949257 8.05625 218
1774205953279 -7.3 219
1774205953422 4.122916666666667 220
1774205953509 0.9666666666666667 221
1774205953585 3.8895833333333334 222
1774205953657 0.95 223
1774205953683 0.6 224
1774205953710 0.9666666666666667 225
1774205953736 0.95 226
1774205953763 -0.3 227
1774205953790 0.55 228
1774205956759 15.227083333333333 229
1774205956836 4.985416666666667 230
1774205956903 0.95 231
1774205956971 0.7833333333333333 232
1774205957040 0.9666666666666667 233
1774205959792 15.997916666666667 234
1774205959871 0.9833333333333333 235
1774205959941 -0.16666666666666666 236
1774205960012 0.9666666666666667 237
1774205963211 15.239583333333332 238
1774205963314 0.9333333333333333 239
1774205963402 0.9833333333333333 240
1774205963462 0.9166666666666666 241
1774205963488 0.75 242
1774205963514 0.9666666666666667 243
1774205963541 2.80625 244
1774205963567 0.9333333333333333 245
1774205963594 0.9166666666666666 246
1774205963621 0.9166666666666666 247
1774205966485 -6.683333333333334 248
1774205966553 0.9166666666666666 249
1774205966615 -0.18125 250
1774205966669 0.9333333333333333 251
1774205966717 -0.6333333333333333 252
1774205966765 0.9333333333333333 253
1774205966835 2.747916666666667 254
1774205966869 -0.06666666666666667 255
1774205966899 0.9833333333333333 256
1774205966929 -1.6833333333333333 257
1774205970524 12.147916666666667 258
1774205970646 0.7166666666666667 259
1774205970728 0.9666666666666667 260
1774205970812 -5.483333333333333 261
1774205970860 -3.5479166666666666 262
1774205970887 0.9666666666666667 263
1774205970950 0.6333333333333333 264
1774205970977 0.85 265
1774205971015 0.95 266
1774205971047 0.8833333333333333 267
1774205971077 0.9333333333333333 268
1774205971108 0.95 269
1774205971134 0.9333333333333333 270
1774205971158 0.9333333333333333 271
1774205971184 -0.5333333333333333 272
1774205971209 0.9166666666666666 273
1774205971234 0.7625 274
1774205971259 -1.55 275
1774205971285 0.2 276
1774205971311 0.6333333333333333 277
1774205971336 0.9 278
1774205971362 0.9166666666666666 279
1774205971388 0.95 280
1774205971414 0.49375 281
1774205971440 6.7125 282
1774205971466 2.6729166666666666 283
1774205971491 -6.15 284
1774205971516 0.8 285
1774205971541 0.9 286
1774205971567 -0.16666666666666666 287
1774205971593 0.9333333333333333 288
1774205971618 0.9666666666666667 289
1774205971643 0.9666666666666667 290
1774205971668 0.95 291
1774205971693 0.9666666666666667 292
1774205971718 0.43333333333333335 293
1774205971742 0.9666666666666667 294
1774205971767 0.9333333333333333 295
1774205971792 0.9166666666666666 296
1774205971817 1.0 297
1774205971842 0.7333333333333333 298
1774205971868 -3.5166666666666666 299
1774205971893 0.9666666666666667 300
1774205975316 14.310416666666667 301
1774205975399 4.039583333333334 302
1774205975470 0.9166666666666666 303
1774205975529 0.6770833333333334 304
1774205975587 4.41875 305
1774205975646 3.1375 306
1774205975680 3.75 307
1774205975714 0.8833333333333333 308
1774205975745 0.9666666666666667 309
1774205975772 0.9833333333333333 310
1774205975799 7.735416666666667 311
1774205975826 0.8833333333333333 312
1774205975853 0.9666666666666667 313
1774205975878 0.9666666666666667 314
1774205975903 0.9166666666666666 315
1774205975928 2.120833333333333 316
1774205975953 0.9166666666666666 317
1774205975978 0.8666666666666667 318
1774205976003 0.36666666666666664 319
1774205976031 0.7666666666666667 320
1774205976056 2.2916666666666665 321
1774205976082 0.4666666666666667 322
1774205976109 0.9833333333333333 323
1774205976136 3.1041666666666665 324
1774205976167 0.9833333333333333 325
1774205976196 0.9333333333333333 326
1774205976222 0.5333333333333333 327
1774205976247 0.9166666666666666 328
1774205979765 10.79375 329
1774205979844 4.875 330
1774205979913 1.0 331
1774205979984 0.9 332
1774205983251 -6.333333333333333 333
1774205983324 0.8166666666666667 334
1774205990703 7.916666666666666 335
1774205990902 0.9666666666666667 336
1774205991039 0.95 337
1774205991066 0.8333333333333334 338
1774205991093 0.3333333333333333 339
1774205991120 0.95 340
1774205991146 0.9166666666666666 341
1774205994976 13.245833333333334 342
1774206017539 6.566666666666666 343
1774206017809 0.9833333333333333 344
1774206017853 0.8833333333333333 345
1774206017881 0.9 346
1774206017907 0.9 347
1774206017934 -0.3 348
1774206017960 0.9833333333333333 349
1774206020355 8.833333333333334 350
1774206022396 15.608333333333334 351
1774206022538 2.8854166666666665 352
1774206022642 3.5083333333333333 353
1774206022679 2.55625 354
1774206022714 0.9666666666666667 355
1774206022746 0.2833333333333333 356
1774206022773 -2.9833333333333334 357
1774206022799 0.7666666666666667 358
1774206022825 -2.25 359
1774206022850 -2.9270833333333335 360
1774206022875 0.9166666666666666 361
1774206022900 0.4666666666666667 362
1774206022925 0.95 363
1774206022949 0.9333333333333333 364
1774206022974 0.8833333333333333 365
1774206022999 0.9333333333333333 366
1774206023024 0.8833333333333333 367
1774206023049 0.7333333333333333 368
1774206023074 0.8833333333333333 369
1774206023098 0.9666666666666667 370
1774206023123 2.064583333333333 371
1774206023148 0.8833333333333333 372
1774206023173 0.8833333333333333 373
1774206023198 0.9 374
1774206023224 0.9166666666666666 375
1774206023250 3.9520833333333334 376
1774206023275 1.80625 377
1774206023300 0.016666666666666666 378
1774206023328 1.85625 379
1774206023354 0.9166666666666666 380
1774206023381 0.8020833333333334 381
1774206023408 5.116666666666666 382
1774206023433 -1.75 383
1774206023460 0.9833333333333333 384
1774206023485 0.95 385
1774206023510 0.9833333333333333 386
1774206023536 0.8833333333333333 387
1774206023562 0.9666666666666667 388
1774206023587 2.6458333333333335 389
1774206023613 0.9666666666666667 390
1774206023639 -1.3166666666666667 391
1774206023663 -2.75625 392
1774206023699 0.9333333333333333 393
1774206023724 0.8666666666666667 394
1774206023749 0.95 395
1774206023774 3.71875 396
1774206023800 3.316666666666667 397
1774206023826 0.15 398
1774206023851 1.675 399
1774206023876 -0.3333333333333333 400
1774206025852 -5.10625 401
1774206025911 0.9 402
1774206027875 12.0625 403
1774206028006 0.9833333333333333 404
1774206028090 0.9 405
1774206028161 0.8833333333333333 406
1774206028234 0.9 407
1774206028260 0.8 408
1774206030124 -5.566666666666666 409
1774206032203 12.479166666666666 410
1774206032333 0.9333333333333333 411
1774206032435 0.9333333333333333 412
1774206034964 11.566666666666666 413
1774206035045 0.7333333333333333 414
1774206035125 0.25 415
1774206035205 0.8166666666666667 416
1774206037756 13.560416666666667 417
1774206037838 0.8166666666666667 418
1774206041111 13.3375 419
1774206041237 0.95 420
1774206041337 0.8666666666666667 421
1774206041431 3.2375 422
1774206044173 -6.033333333333333 423
1774206044264 0.95 424
1774206044347 0.95 425
1774206044430 0.6833333333333333 426
1774206044458 0.6833333333333333 427
1774206044486 0.9166666666666666 428
1774206044513 0.4354166666666667 429
1774206044541 0.9666666666666667 430
1774206044570 0.9166666666666666 431
1774206044603 -0.075 432
1774206044632 5.3375 433
1774206044662 -1.1333333333333333 434
1774206044691 0.9666666666666667 435
1774206044716 1.6229166666666666 436
1774206044741 -0.16666666666666666 437
1774206044767 2.625 438
1774206044792 0.5833333333333334 439
1774206044817 0.9333333333333333 440
1774206044842 0.11666666666666667 441
1774206044868 0.95 442
1774206044894 0.9333333333333333 443
1774206044919 0.9 444
1774206044944 1.0 445
1774206044970 0.9 446
1774206044996 -1.9166666666666667 447
1774206045023 0.8666666666666667 448
1774206045053 0.9 449
1774206045079 0.6708333333333333 450
1774206045105 0.9 451
1774206045130 0.95 452
1774206045155 0.9333333333333333 453
1774206045181 0.9833333333333333 454
1774206045207 0.9833333333333333 455
1774206045232 0.6125 456
1774206045257 -1.3833333333333333 457
1774206045282 0.8 458
1774206045308 0.9166666666666666 459
1774206045333 0.9666666666666667 460
1774206045358 2.5416666666666665 461
1774206045383 3.9916666666666667 462
1774206045410 0.8833333333333333 463
1774206045435 -3.3125 464
1774206045460 0.9833333333333333 465
1774206045488 0.95 466
1774206045513 0.8666666666666667 467
1774206045539 0.9166666666666666 468
1774206045565 0.8833333333333333 469
1774206045590 0.31666666666666665 470
1774206045615 0.44583333333333336 471
1774206045641 0.9 472
1774206045666 -0.44375 473
1774206045691 0.25 474
1774206045717 0.48333333333333334 475
1774206045743 3.20625 476
1774206045770 0.9833333333333333 477
1774206045796 0.9 478
1774206045825 0.9 479
1774206045851 0.9 480
1774206045876 0.9 481
1774206045901 0.9666666666666667 482
1774206045927 0.9666666666666667 483
1774206045952 -0.1 484
1774206045977 0.9166666666666666 485
1774206046001 0.75 486
1774206046027 0.9 487
1774206046053 0.8 488
1774206046077 0.9166666666666666 489
1774206046102 0.7333333333333333 490
1774206046127 0.9333333333333333 491
1774206046154 0.7166666666666667 492
1774206046182 0.9 493
1774206046207 3.09375 494
1774206046232 0.95 495
1774206046257 -0.4 496
1774206046282 0.7666666666666667 497
1774206046307 3.1458333333333335 498
1774206046332 -4.65 499
1774205851973 0.9666666666666667 0
