1774205851998 0.5944262146949768 0
1774205855543 76.4944076538086 1
1774205855593 0.6026651859283447 2
1774205855639 0.5846964120864868 3
1774205855697 0.5491692423820496 4
1774205855761 -0.009372537955641747 5
1774205869611 29.94222068786621 6
1774205869865 0.07674247771501541 7
1774205880578 68.3612060546875 8
1774205880701 0.5349419713020325 9
1774205880807 0.5550060868263245 10
1774205880887 -0.00904838740825653 11
1774205880914 0.5046802163124084 12
1774205886521 80.20968627929688 13
1774205886551 0.5228187441825867 14
1774205886578 0.5081586241722107 15
1774205891831 87.1744613647461 16
1774205891890 0.20010778307914734 17
1774205891938 0.5344992876052856 18
1774205904976 29.86286163330078 19
1774205905120 0.5253443121910095 20
1774205905254 0.4976802468299866 21
1774205909725 16.524646759033203 22
1774205909869 0.15775172412395477 23
1774205916091 92.94697570800781 24
1774205916245 0.1234382912516594 25
1774205916287 0.4939211905002594 26
1774205916314 0.027952643111348152 27
1774205916340 0.4584606885910034 28
1774205916368 0.4686337411403656 29
1774205916395 0.4067307114601135 30
1774205916421 6.838295936584473 31
1774205916448 -0.0034285567235201597 32
1774205916474 0.10311136394739151 33
1774205916499 0.23294001817703247 34
1774205916523 0.41767194867134094 35
1774205916548 0.40805092453956604 36
1774205916572 0.34368351101875305 37
1774205916597 0.30705803632736206 38
1774205916622 5.533688068389893 39
1774205916646 1.9327423572540283 40
1774205916671 0.0815897211432457 41
1774205916697 1.2299370765686035 42
1774205916721 0.4006439447402954 43
1774205916746 0.3806307911872864 44
1774205916771 0.3645680248737335 45
1774205916796 0.3583681881427765 46
1774205916821 0.05219114571809769 47
1774205916847 5.805802345275879 48
1774205916872 0.3514384925365448 49
1774205916897 0.05987366661429405 50
1774205916923 1.3636926412582397 51
1774205916948 0.348565936088562 52
1774205916973 0.3345205783843994 53
1774205916999 5.585175037384033 54
1774205917024 0.3383704423904419 55
1774205917050 0.06505275517702103 56
1774205917076 1.2716279029846191 57
1774205917102 0.314098596572876 58
1774205917127 0.31920650601387024 59
1774205917153 0.3063231110572815 60
1774205917179 6.763265132904053 61
1774205917204 0.19146664440631866 62
1774205917230 0.2931692898273468 63
1774205917256 6.092382907867432 64
1774205917281 0.13245579600334167 65
1774205917305 -0.011000952683389187 66
1774205917330 0.2886527478694916 67
1774205917355 0.2783527970314026 68
1774205917379 0.2720256447792053 69
1774205917404 3.3366646766662598 70
1774205917429 0.2078830897808075 71
1774205917453 0.04833115637302399 72
1774205917478 0.24271786212921143 73
1774205917503 0.1120368242263794 74
1774205917527 0.19385722279548645 75
1774205917552 0.23186634480953217 76
1774205917576 0.24557878077030182 77
1774205917601 0.2156148999929428 78
1774205917626 0.23948784172534943 79
1774205917651 0.2069854587316513 80
1774205917676 0.22955870628356934 81
1774205917702 0.21548384428024292 82
1774205917727 0.21975888311862946 83
1774205917752 0.2178984433412552 84
1774205917777 0.08925167471170425 85
1774205917805 1.658316969871521 86
1774205917830 0.12068319320678711 87
1774205917855 -0.03675537928938866 88
1774205917880 0.19750307500362396 89
1774205917905 0.05513438209891319 90
1774205917930 4.058629512786865 91
1774205917955 0.05706147104501724 92
1774205917980 3.8436074256896973 93
1774205918005 0.16159553825855255 94
1774205918030 0.1739150434732437 95
1774205918056 0.1626749485731125 96
1774205918082 0.16095054149627686 97
1774205918107 1.0286203622817993 98
1774205918133 1.1532189846038818 99
1774205918158 0.16056422889232635 100
1774205918185 0.14561070501804352 101
1774205918211 0.031752295792102814 102
1774205918235 0.15994496643543243 103
1774205918260 0.009188134223222733 104
1774205918285 0.12471918016672134 105
1774205918309 0.13784514367580414 106
1774205918334 0.1239745020866394 107
1774205918359 0.06536737829446793 108
1774205918383 0.014637354761362076 109
1774205918409 0.12664881348609924 110
1774205918435 0.1305493712425232 111
1774205920905 141.00360107421875 112
1774205920980 0.11818231642246246 113
1774205921056 0.11178877204656601 114
1774205923945 85.87203216552734 115
1774205923980 0.10502877086400986 116
1774205924015 0.09757796674966812 117
1774205924044 0.09957986325025558 118
1774205928157 19.94925880432129 119
1774205928286 0.08927901089191437 120
1774205928390 0.08948846161365509 121
1774205930571 19.602001190185547 122
1774205932725 90.28932189941406 123
1774205932868 0.07629687339067459 124
1774205932951 0.07564142346382141 125
1774205935258 73.7894515991211 126
1774205935338 0.2633037567138672 127
1774205935411 0.07098766416311264 128
1774205937891 92.37239837646484 129
1774205937981 0.06168622896075249 130
1774205938067 0.02453838847577572 131
1774205938116 0.07768166065216064 132
1774205938166 0.047537315636873245 133
1774205938215 0.06713166832923889 134
1774205938266 0.055546972900629044 135
1774205938293 0.05726759135723114 136
1774205938320 0.06318918615579605 137
1774205938348 0.06392490863800049 138
1774205941056 72.62822723388672 139
1774205941138 0.053174957633018494 140
1774205941215 0.04716380685567856 141
1774205941269 0.04922902211546898 142
1774205941295 3.06233811378479 143
1774205941322 0.050824202597141266 144
1774205941348 2.5700795650482178 145
1774205941375 0.04379115253686905 146
1774205941403 0.042909108102321625 147
1774205941430 0.03627704083919525 148
1774205941457 0.037997227162122726 149
1774205941482 6.278439044952393 150
1774205941506 0.0299815870821476 151
1774205941531 0.03454974666237831 152
1774205941555 -0.001756476704031229 153
1774205941580 0.03355318680405617 154
1774205941605 0.7817102670669556 155
1774205941630 0.57536381483078 156
1774205941655 0.023559924215078354 157
1774205941681 0.21794767677783966 158
1774205941706 -0.003496074816212058 159
1774205941731 7.727025032043457 160
1774205941756 0.027729308232665062 161
1774205941781 0.018713748082518578 162
1774205941806 6.461368560791016 163
1774205941831 0.02685331366956234 164
1774205941855 6.219014644622803 165
1774205941881 0.0005080804112367332 166
1774205941905 0.018499672412872314 167
1774205941930 24.44643211364746 168
1774205941955 -0.0010927034309133887 169
1774205941979 5.864757061004639 170
1774205942004 3.5892832279205322 171
1774205942029 0.014793094247579575 172
1774205942055 0.02548084780573845 173
1774205942079 0.020089082419872284 174
1774205942104 0.016589168459177017 175
1774205942129 0.014235754497349262 176
1774205942154 0.01873825117945671 177
1774205942179 2.356342077255249 178
1774205942204 0.011569599620997906 179
1774205942228 0.3173049986362457 180
1774205942254 -0.009950092993676662 181
1774205942279 0.011388411745429039 182
1774205942304 5.317513465881348 183
1774205942329 0.015286981128156185 184
1774205942353 0.22265252470970154 185
1774205942378 0.009899068623781204 186
1774205942403 0.00941974576562643 187
1774205942429 0.006880937144160271 188
1774205942454 0.0071030291728675365 189
1774205942479 0.04474689066410065 190
1774205942504 0.006679218728095293 191
1774205942529 0.0015885325847193599 192
1774205942555 5.9087347984313965 193
1774205942580 0.006527655757963657 194
1774205942605 0.008571295998990536 195
1774205942630 0.10856018215417862 196
1774205942655 0.002290544332936406 197
1774205942680 0.007001393008977175 198
1774205942705 2.268401861190796 199
1774205942731 -0.012586659751832485 200
1774205942763 0.0030343641992658377 201
1774205942793 0.0043961056508123875 202
1774205942819 0.0008265407523140311 203
1774205942848 -0.0013814566191285849 204
1774205942873 0.14131923019886017 205
1774205942898 0.0017294511198997498 206
1774205942923 0.004291629418730736 207
1774205942947 0.0016864669742062688 208
1774205946206 72.27372741699219 209
1774205946300 -0.0018802054692059755 210
1774205946388 0.001204430591315031 211
1774205946471 -0.0006776127265766263 212
1774205946505 0.003087419318035245 213
1774205946537 0.11265455931425095 214
1774205949048 128.26890563964844 215
1774205949124 0.0021149981766939163 216
1774205949196 0.000844075228087604 217
1774205949263 31.705354690551758 218
1774205953288 29.432775497436523 219
1774205953428 7.029776573181152 220
1774205953516 0.001845115446485579 221
1774205953592 6.199328422546387 222
1774205953662 0.0008410868467763066 223
1774205953688 0.00337793305516243 224
1774205953715 0.0012823061551898718 225
1774205953742 0.0008089292095974088 226
1774205953769 0.33369433879852295 227
1774205953795 0.03289289027452469 228
1774205956768 115.1478271484375 229
1774205956841 11.07262897491455 230
1774205956908 0.0007951475563459098 231
1774205956977 0.00019589957082644105 232
1774205957046 0.0015406401362270117 233
1774205959798 128.82589721679688 234
1774205959878 0.0026684890035539865 235
1774205959946 0.2843937277793884 236
1774205960024 0.001194149604998529 237
1774205963224 114.97745513916016 238
1774205963325 0.001070407684892416 239
1774205963408 0.0032607836183160543 240
1774205963467 -0.0004657668177969754 241
1774205963494 0.0016643318813294172 242
1774205963520 0.0011429621372371912 243
1774205963546 2.7026329040527344 244
1774205963573 -3.750504401978105e-05 245
1774205963600 0.000588785158470273 246
1774205963626 -0.0005436514620669186 247
1774205966493 24.79705047607422 248
1774205966560 -0.0003931834944523871 249
1774205966621 0.22486168146133423 250
1774205966674 0.0030086711049079895 251
1774205966723 0.6944335699081421 252
1774205966770 0.0017825579270720482 253
1774205966840 2.6240198612213135 254
1774205966874 0.2961615025997162 255
1774205966905 0.0014200314180925488 256
1774205966935 2.4747838973999023 257
1774205970532 69.72113800048828 258
1774205970651 0.005190701223909855 259
1774205970734 0.001549017964862287 260
1774205970818 15.488057136535645 261
1774205970865 6.698504447937012 262
1774205970928 0.002262422814965248 263
1774205970955 0.008050940930843353 264
1774205970989 -0.00025440703029744327 265
1774205971022 0.001020524650812149 266
1774205971054 -0.00028331385692581534 267
1774205971087 0.0015451766084879637 268
1774205971114 0.0014381002401933074 269
1774205971139 0.0006696127820760012 270
1774205971165 0.0005903479177504778 271
1774205971190 0.5500080585479736 272
1774205971215 0.0004964549443684518 273
1774205971240 0.02736392244696617 274
1774205971265 2.0175952911376953 275
1774205971291 0.15295012295246124 276
1774205971317 0.0012870270293205976 277
1774205971342 0.0018507646163925529 278
1774205971367 0.0005337806651368737 279
1774205971394 0.0032230704091489315 280
1774205971420 -0.009384098462760448 281
1774205971446 21.474246978759766 282
1774205971472 3.0133612155914307 283
1774205971497 19.534507751464844 284
1774205971522 -0.0019795026164501905 285
1774205971547 0.0008993242518045008 286
1774205971573 0.2799699306488037 287
1774205971599 0.0015593848656862974 288
1774205971624 0.004624336492270231 289
1774205971649 0.003759375773370266 290
1774205971674 0.006752669345587492 291
1774205971698 0.0037123430520296097 292
1774205971724 0.06033393368124962 293
1774205971748 0.0038776847068220377 294
1774205971772 0.002862821565940976 295
1774205971797 0.0006860758876428008 296
1774205971823 0.005346009973436594 297
1774205971848 0.001264863763935864 298
1774205971873 6.606611251831055 299
1774205971900 0.0060051921755075455 300
1774205975325 101.50611114501953 301
1774205975406 6.860184192657471 302
1774205975475 0.0009082469041459262 303
1774205975534 -0.0071627553552389145 304
1774205975593 8.15654182434082 305
1774205975654 3.626400947570801 306
1774205975689 5.605440616607666 307
1774205975723 -0.0005048126331530511 308
1774205975751 0.003268479136750102 309
1774205975778 0.0032037384808063507 310
1774205975804 29.13642120361328 311
1774205975832 -0.001053927349857986 312
1774205975858 0.003275310853496194 313
1774205975883 0.0022433334961533546 314
1774205975908 -0.0002891776093747467 315
1774205975934 1.2553776502609253 316
1774205975958 -0.00044681591680273414 317
1774205975984 -0.0011813025921583176 318
1774205976011 0.08938376605510712 319
1774205976037 -0.0009458470158278942 320
1774205976062 1.5024834871292114 321
1774205976089 0.054124005138874054 322
1774205976116 0.002036365447565913 323
1774205976143 3.429283380508423 324
1774205976175 0.0017001404194161296 325
1774205976203 -0.00021743375691585243 326
1774205976228 0.01022788230329752 327
1774205976253 0.0010778560535982251 328
1774205979772 54.75250244140625 329
1774205979850 10.378870964050293 330
1774205979919 0.0013482252834364772 331
1774205979989 -0.00018108836957253516 332
1774205983259 22.87285614013672 333
1774205983331 -0.0002634272968862206 334
1774205990713 28.19632911682129 335
1774205990908 0.00032229776843450963 336
1774205991045 -0.0003026949125342071 337
1774205991072 -0.0017236386192962527 338
1774205991099 0.12379824370145798 339
1774205991125 -0.00030802719993516803 340
1774205991152 -0.0006402257713489234 341
1774205994985 84.49263763427734 342
1774206017544 19.081615447998047 343
1774206017816 0.0008625485934317112 344
1774206017859 -0.0009160253684967756 345
1774206017886 -0.000887080910615623 346
1774206017913 -0.0009409012272953987 347
1774206017939 0.3192736804485321 348
1774206017966 0.0007566402200609446 349
1774206020362 34.77916717529297 350
1774206022405 121.9737777709961 351
1774206022545 3.6640450954437256 352
1774206022653 4.759101867675781 353
1774206022689 2.0419156551361084 354
1774206022724 -0.00011926247680094093 355
1774206022752 0.0672362819314003 356
1774206022778 4.93490743637085 357
1774206022804 0.004598797298967838 358
1774206022831 3.3082613945007324 359
1774206022856 4.85449743270874 360
1774206022881 -0.0007065911195240915 361
1774206022905 0.06758718937635422 362
1774206022930 -0.00025688568712212145 363
1774206022955 -0.0005069526378065348 364
1774206022979 -0.0009519380400888622 365
1774206023004 -0.00024274659517686814 366
1774206023030 -0.0011571338400244713 367
1774206023054 -0.0014223672915250063 368
1774206023079 -0.0011052271584048867 369
1774206023104 0.0008421422680839896 370
1774206023129 1.886171817779541 371
1774206023153 -0.001168493996374309 372
1774206023179 -0.0012263141106814146 373
1774206023204 -0.0009633068693801761 374
1774206023230 -0.0006203923840075731 375
1774206023255 6.25147008895874 376
1774206023281 0.8490073680877686 377
1774206023307 0.16049335896968842 378
1774206023334 0.9320858120918274 379
1774206023361 0.0008935714140534401 380
1774206023387 0.09465043991804123 381
1774206023413 12.149828910827637 382
1774206023439 2.4255595207214355 383
1774206023465 0.002350419294089079 384
1774206023491 0.00046470671077258885 385
1774206023516 0.0012624321971088648 386
1774206023542 -0.0011353286681696773 387
1774206023567 0.0006600971100851893 388
1774206023593 2.259600877761841 389
1774206023619 0.00049620121717453 390
1774206023644 1.5231009721755981 391
1774206023669 4.2735371589660645 392
1774206023705 -0.0003978353925049305 393
1774206023730 -0.0008985783788375556 394
1774206023754 0.00040891391108743846 395
1774206023780 5.801722526550293 396
1774206023806 4.574621677398682 397
1774206023831 0.18252411484718323 398
1774206023856 0.6797327399253845 399
1774206023882 0.39290857315063477 400
1774206025861 15.760765075683594 401
1774206025919 -0.000910210597794503 402
1774206027884 71.4708023071289 403
1774206028013 0.001285563106648624 404
1774206028096 -0.0009861194994300604 405
1774206028168 -0.0012240533251315355 406
1774206028239 -0.0009161470225080848 407
1774206028266 -0.0006138905300758779 408
1774206030133 18.398677825927734 409
1774206032212 75.85862731933594 410
1774206032340 -0.00025630334857851267 411
1774206032441 0.00012471494846977293 412
1774206034971 62.298484802246094 413
1774206035051 0.005919365212321281 414
1774206035132 0.14889447391033173 415
1774206035211 -0.0019908039830625057 416
1774206037763 86.62858581542969 417
1774206037846 -0.0021396984811872244 418
1774206041119 88.89020538330078 419
1774206041243 0.0006584806833416224 420
1774206041343 -0.000553291174583137 421
1774206041436 3.9278564453125 422
1774206044180 20.715087890625 423
1774206044270 0.0009804697474464774 424
1774206044353 0.0008142944425344467 425
1774206044436 0.0014391503063961864 426
1774206044464 0.0013537253253161907 427
1774206044491 -1.0965624824166298e-05 428
1774206044518 0.04106459394097328 429
1774206044547 0.0023164809681475163 430
1774206044581 0.00042717225733213127 431
1774206044610 0.14666393399238586 432
1774206044640 14.157232284545898 433
1774206044671 1.3041330575942993 434
1774206044697 0.0032451923470944166 435
1774206044722 0.6457123756408691 436
1774206044747 0.27421194314956665 437
1774206044773 2.508263111114502 438
1774206044798 0.014067946001887321 439
1774206044823 0.0020620643626898527 440
1774206044848 0.14026954770088196 441
1774206044874 0.002154514193534851 442
1774206044899 0.0038065945263952017 443
1774206044924 0.002697837073355913 444
1774206044950 0.006933107506483793 445
1774206044976 0.000840375607367605 446
1774206045002 2.2377097606658936 447
1774206045031 -0.0002777710324153304 448
1774206045059 0.00030533605604432523 449
1774206045086 -0.007835110649466515 450
1774206045111 0.00041400353075005114 451
1774206045136 0.003814380383118987 452
1774206045161 0.002327736234292388 453
1774206045187 0.004766352940350771 454
1774206045212 0.0052461083978414536 455
1774206045237 -7.802178151905537e-05 456
1774206045262 1.7964630126953125 457
1774206045288 -0.0011448792647570372 458
1774206045313 0.001971286488696933 459
1774206045338 0.004264748655259609 460
1774206045364 3.205122709274292 461
1774206045389 8.01600170135498 462
1774206045416 3.2532698241993785e-05 463
1774206045441 6.089659690856934 464
1774206045467 0.00716390460729599 465
1774206045494 0.0023789042606949806 466
1774206045520 -0.0011826292611658573 467
1774206045545 0.00041887559927999973 468
1774206045570 0.0008269260870292783 469
1774206045595 0.04831299930810928 470
1774206045621 -0.03082846663892269 471
1774206045647 -0.00037567102117463946 472
1774206045672 0.5008932948112488 473
1774206045697 0.04647306725382805 474
1774206045722 0.04427523910999298 475
1774206045749 4.248627662658691 476
1774206045776 0.0044176881201565266 477
1774206045802 -2.1859072148799896e-05 478
1774206045831 0.0017435620538890362 479
1774206045857 0.0003232256567571312 480
1774206045882 0.0014178279088810086 481
1774206045907 0.004104834981262684 482
1774206045933 0.007254026830196381 483
1774206045958 0.23659269511699677 484
1774206045982 0.0007563868421129882 485
1774206046007 -0.0030397505033761263 486
1774206046032 1.6575708286836743e-05 487
1774206046058 -0.001883441349491477 488
1774206046083 0.001147977658547461 489
1774206046108 0.0014393889578059316 490
1774206046134 0.002872803481295705 491
1774206046162 -0.005852734670042992 492
1774206046188 0.000371203466784209 493
1774206046212 3.598294734954834 494
1774206046237 0.005066573154181242 495
1774206046263 0.3478544056415558 496
1774206046287 -0.0027481173165142536 497
1774206046312 3.7683873176574707 498
1774206046337 11.410238265991211 499
1774205851998 0.5944262146949768 0
