1774206204855 0.027145741507411003 0
1774206204949 0.008300172165036201 1
1774206204977 -0.12824244797229767 2
1774206205004 0.008433490060269833 3
1774206205031 0.020771650597453117 4
1774206205058 0.024417942389845848 5
1774206205086 0.008262296207249165 6
1774206205113 0.014527076855301857 7
1774206205140 0.025183504447340965 8
1774206205167 0.01392030157148838 9
1774206207616 5.454722881317139 10
1774206207646 0.01981869898736477 11
1774206207675 0.013383127748966217 12
1774206207703 0.06344768404960632 13
1774206207732 0.017321782186627388 14
1774206207761 0.024884212762117386 15
1774206207788 0.03995903208851814 16
1774206207814 0.027272168546915054 17
1774206207840 0.023758411407470703 18
1774206207866 0.023523952811956406 19
1774206207892 -0.04355272650718689 20
1774206207918 0.009029746986925602 21
1774206207944 0.00831620767712593 22
1774206207969 0.017714740708470345 23
1774206207995 0.012444754131138325 24
1774206208023 0.0358949713408947 25
1774206208049 0.02459663525223732 26
1774206208075 0.006880141329020262 27
1774206209638 3.00038743019104 28
1774206209665 0.0019911902491003275 29
1774206209691 0.007052924018353224 30
1774206209718 0.0069991652853786945 31
1774206211125 4.0845627784729 32
1774206211164 0.002468261169269681 33
1774206211201 0.01411941647529602 34
1774206211241 0.006802756804972887 35
1774206211279 0.0017598179401829839 36
1774206211318 0.008494223468005657 37
1774206211355 0.01592850312590599 38
1774206211386 0.011166158132255077 39
1774206211411 0.6301329731941223 40
1774206211438 0.006462311837822199 41
1774206212900 1.5477272272109985 42
1774206212927 1.7218146324157715 43
1774206212954 0.0017151575302705169 44
1774206212981 0.0016263670986518264 45
1774206213008 0.017896786332130432 46
1774206214365 3.3734025955200195 47
1774206214412 0.027340734377503395 48
1774206214460 0.005986164789646864 49
1774206214504 0.020730985328555107 50
1774206214550 0.0060851904563605785 51
1774206214586 0.008906451985239983 52
1774206214613 0.008108574897050858 53
1774206214641 0.010131551884114742 54
1774206214669 0.005746776703745127 55
1774206214697 0.01650259457528591 56
1774206215990 3.194279670715332 57
1774206216019 0.02790321595966816 58
1774206216045 0.02748228795826435 59
1774206219521 2.6728694438934326 60
1774206219745 0.4925483167171478 61
1774206219791 0.019226765260100365 62
1774206219818 -0.2464839071035385 63
1774206219846 0.01520957238972187 64
1774206219874 0.008527175523340702 65
1774206219903 0.0013362255413085222 66
1774206219933 1.631595253944397 67
1774206219962 -0.6573824286460876 68
1774206219989 0.011989274062216282 69
1774206220016 0.6409793496131897 70
1774206220042 0.014007273130118847 71
1774206220067 0.017437726259231567 72
1774206220097 -0.010928701609373093 73
1774206221965 3.1126461029052734 74
1774206222026 0.007643332239240408 75
1774206222087 0.007590355351567268 76
1774206222150 0.007778359577059746 77
1774206222187 -0.015028606168925762 78
1774206222215 -1.0321838855743408 79
1774206222243 0.0013030098052695394 80
1774206222271 0.010156922973692417 81
1774206222299 0.009923058561980724 82
1774206222327 0.017929421737790108 83
1774206222356 1.7648653984069824 84
1774206222385 0.007041466422379017 85
1774206222413 0.029171405360102654 86
1774206222440 0.0068806535564363 87
1774206222467 -0.24035440385341644 88
1774206222493 0.00609300471842289 89
1774206222519 0.010950222611427307 90
1774206222545 0.0038693209644407034 91
1774206222571 0.9229642748832703 92
1774206222597 0.007634689100086689 93
1774206222623 0.00392541429027915 94
1774206222649 0.5309232473373413 95
1774206222675 0.0037494658026844263 96
1774206222701 0.006215183064341545 97
1774206222725 0.006006104405969381 98
1774206222750 0.008412513881921768 99
1774206224238 2.181140899658203 100
1774206224265 0.012481565587222576 101
1774206225973 5.095646381378174 102
1774206226033 0.005452292505651712 103
1774206226090 0.008347869850695133 104
1774206226145 0.6695766448974609 105
1774206226184 0.003919893875718117 106
1774206226212 0.0009113072301261127 107
1774206226240 -0.08376701176166534 108
1774206226268 0.39151880145072937 109
1774206226296 0.0104711027815938 110
1774206226324 0.00502116559073329 111
1774206226352 0.011915872804820538 112
1774206228041 -1.4626548290252686 113
1774206228068 0.0047266241163015366 114
1774206228095 0.002890606876462698 115
1774206229614 -2.8195362091064453 116
1774206230796 3.9722185134887695 117
1774206230858 -0.02344105951488018 118
1774206232295 1.5597200393676758 119
1774206232342 0.002669460140168667 120
1774206232430 0.007018808275461197 121
1774206232520 0.0025237195659428835 122
1774206232569 0.005631221458315849 123
1774206232595 -0.19568702578544617 124
1774206232621 1.4889198541641235 125
1774206232646 0.00419958820566535 126
1774206232672 0.002402625745162368 127
1774206232698 -0.011020554229617119 128
1774206232725 0.0060724434442818165 129
1774206232750 0.005039909388870001 130
1774206232776 0.0056416941806674 131
1774206232802 -0.06310836225748062 132
1774206232828 0.004421161022037268 133
1774206232854 0.0021402707789093256 134
1774206232880 -0.013030917383730412 135
1774206232906 0.0016348136123269796 136
1774206232933 0.002997489646077156 137
1774206232959 0.006152131594717503 138
1774206232985 0.005767707247287035 139
1774206233010 0.4778117835521698 140
1774206233036 0.0030985702760517597 141
1774206233061 -0.3071539103984833 142
1774206233085 0.00466005178168416 143
1774206235987 1.8872827291488647 144
1774206236075 0.0027990764938294888 145
1774206236160 0.0041225869208574295 146
1774206236189 0.0006587837124243379 147
1774206236217 0.004308727104216814 148
1774206236245 0.0033198553137481213 149
1774206237816 2.4538400173187256 150
1774206237845 0.0031789573840796947 151
1774206237874 0.0025931992568075657 152
1774206237902 1.278376817703247 153
1774206237930 0.0028232478071004152 154
1774206237958 0.8033742904663086 155
1774206237985 0.00047365634236484766 156
1774206238012 0.002329312963411212 157
1774206238039 0.002595331519842148 158
1774206238064 0.002368559129536152 159
1774206238090 0.0020920145325362682 160
1774206238116 0.0011489257449284196 161
1774206238142 0.002236625412479043 162
1774206238167 0.0020592426881194115 163
1774206238193 0.0009584712679497898 164
1774206238219 0.0011760123306885362 165
1774206238245 -0.13756975531578064 166
1774206238271 0.26910558342933655 167
1774206238297 -0.34736505150794983 168
1774206238323 -1.011592984199524 169
1774206238348 0.0007476148311980069 170
1774206238374 -0.3210848867893219 171
1774206238400 -0.015501294285058975 172
1774206238425 -0.011179707013070583 173
1774206238451 0.24742183089256287 174
1774206238477 -0.8556658029556274 175
1774206238503 0.0011070132022723556 176
1774206238529 1.3474631309509277 177
1774206238554 0.0011407440761104226 178
1774206238579 0.15620198845863342 179
1774206238604 0.00033123555476777256 180
1774206238629 0.0009896621340885758 181
1774206238653 -0.06850225478410721 182
1774206238678 0.0010681550484150648 183
1774206238704 0.001123776426538825 184
1774206238729 0.0007130683516152203 185
1774206238754 0.0008913871133700013 186
1774206238778 0.00032905786065384746 187
1774206238804 1.0104320049285889 188
1774206238830 0.0003035730333067477 189
1774206238854 -0.11497452110052109 190
1774206238879 0.0004774951667059213 191
1774206238904 0.0006843268638476729 192
1774206238928 0.5631573796272278 193
1774206238954 -0.0006048166542313993 194
1774206238978 -0.0005999784334562719 195
1774206239003 0.755647599697113 196
1774206239029 0.000642415601760149 197
1774206239053 0.000395652576116845 198
1774206239078 0.0006404374144040048 199
1774206239104 0.0009557133889757097 200
1774206240659 2.8042244911193848 201
1774206240688 0.0006914730183780193 202
1774206242290 3.292975425720215 203
1774206242342 0.00047589524183422327 204
1774206242396 -0.0005384906544350088 205
1774206243601 2.8931491374969482 206
1774206243651 -0.0003802622086368501 207
1774206243700 -0.0005388132994994521 208
1774206243749 -0.03912031278014183 209
1774206243788 0.0004692484508268535 210
1774206243823 -0.00122160860337317 211
1774206243857 0.8900171518325806 212
1774206243890 -0.0021882373839616776 213
1774206243924 0.47234871983528137 214
1774206243957 0.00023203219461720437 215
1774206243982 -1.933517341967672e-05 216
1774206244009 -0.25865575671195984 217
1774206244036 -0.0007503383094444871 218
1774206244061 0.00018252903828397393 219
1774206245288 3.9442293643951416 220
1774206245317 -0.004165905062109232 221
1774206245345 -0.003364762058481574 222
1774206245374 0.3931778371334076 223
1774206245402 -7.655605440959334e-05 224
1774206245430 -0.0012050019577145576 225
1774206245456 -0.0007498355698771775 226
1774206246642 3.890345335006714 227
1774206246670 -0.006981153041124344 228
1774206246697 -0.0012183993821963668 229
1774206246724 -0.006890515331178904 230
1774206246751 -6.70206209179014e-05 231
1774206246778 -8.215433626901358e-05 232
1774206246804 -0.007036214228719473 233
1774206246831 -0.006539097987115383 234
1774206248268 -2.8010239601135254 235
1774206248306 0.000327249348629266 236
1774206248344 -0.008329101838171482 237
1774206248382 0.0004496131732594222 238
1774206248420 -0.0005168023053556681 239
1774206248458 0.0005191959789954126 240
1774206248494 0.0002923420979641378 241
1774206248531 -0.06935401260852814 242
1774206248567 0.00026488243020139635 243
1774206248593 -0.0002597544516902417 244
1774206248619 0.31634408235549927 245
1774206248645 -0.16983464360237122 246
1774206248671 0.0005967778852209449 247
1774206248697 0.00038457775372080505 248
1774206248723 -9.8912809335161e-05 249
1774206249954 4.358078479766846 250
1774206249983 -0.0005543050938285887 251
1774206251316 4.265614986419678 252
1774206251361 0.0631045550107956 253
1774206251406 0.0007443546783179045 254
1774206251452 1.1122652292251587 255
1774206251498 0.0002644617925398052 256
1774206251542 -0.009690859355032444 257
1774206251576 -0.0005895929061807692 258
1774206251603 0.0018939406145364046 259
1774206251631 0.00047670272761024535 260
1774206251658 -0.0018403874710202217 261
1774206251686 0.00028043598285876215 262
1774206251713 -0.000555387930944562 263
1774206251742 -0.000287108588963747 264
1774206251770 -0.004244514741003513 265
1774206251796 0.0005297807510942221 266
1774206251821 0.00011724424257408828 267
1774206251851 -0.0036092239897698164 268
1774206251877 -0.03299327567219734 269
1774206251904 -0.010896338149905205 270
1774206251931 0.0003473463875707239 271
1774206251957 0.055965155363082886 272
1774206251983 -0.0004227811878081411 273
1774206252008 0.0013935195747762918 274
1774206252035 0.2635324001312256 275
1774206252060 -1.0420880317687988 276
1774206252086 -0.0018282239325344563 277
1774206252111 0.6871647834777832 278
1774206252137 -0.0666782408952713 279
1774206252163 -0.0010230634361505508 280
1774206252188 0.34726783633232117 281
1774206252213 -0.000469990074634552 282
1774206252237 -0.0002779430360533297 283
1774206252262 0.0009225588291883469 284
1774206252286 0.000679032935295254 285
1774206252312 -0.4798356890678406 286
1774206252336 -0.05595022067427635 287
1774206252361 0.0005846626008860767 288
1774206252386 -0.01278735138475895 289
1774206252411 -0.00019920153135899454 290
1774206252436 0.0009736993815749884 291
1774206252461 0.0007662127027288079 292
1774206252486 -0.07466178387403488 293
1774206252510 0.0012090286472812295 294
1774206252535 0.7431861758232117 295
1774206252560 -0.001205834443680942 296
1774206252585 -0.0006616952014155686 297
1774206252610 -0.13136331737041473 298
1774206252635 0.0011314392322674394 299
1774206252661 0.0018649594858288765 300
1774206252687 0.001385420560836792 301
1774206252712 0.0013511201832443476 302
1774206252737 -0.003173418343067169 303
1774206252762 0.000882073538377881 304
1774206252787 0.0011842262465506792 305
1774206252813 -0.16562137007713318 306
1774206252837 0.0013541148509830236 307
1774206254327 -2.7596707344055176 308
1774206254354 0.0013537532649934292 309
1774206254381 -0.000556762155611068 310
1774206254408 0.0016433725832030177 311
1774206254436 0.0005434639751911163 312
1774206254464 -0.4672364592552185 313
1774206255694 2.7520816326141357 314
1774206255722 0.0016944061499089003 315
1774206255749 0.0013410807587206364 316
1774206255777 -0.00675575016066432 317
1774206256925 4.691164016723633 318
1774206256967 0.0010986730922013521 319
1774206257011 -0.1082933321595192 320
1774206257054 -0.0006180659984238446 321
1774206257099 0.0016075295861810446 322
1774206257141 0.00035203207517042756 323
1774206257174 0.3308071494102478 324
1774206257201 0.00019332006922923028 325
1774206257229 0.0013126842677593231 326
1774206257256 -0.00853913277387619 327
1774206257283 -0.0005575511022470891 328
1774206257311 0.0013721799477934837 329
1774206258556 -2.781174659729004 330
1774206259901 -1.3458988666534424 331
1774206259953 0.0012417043326422572 332
1774206260004 -0.12274155765771866 333
1774206260058 0.39881476759910583 334
1774206260108 -0.04276714101433754 335
1774206260158 0.04182961583137512 336
1774206260186 -1.940592483151704e-05 337
1774206260214 0.000413253263104707 338
1774206260243 0.0012641382636502385 339
1774206260271 0.001406241673976183 340
1774206261549 3.433626890182495 341
1774206263325 2.865647315979004 342
1774206263384 0.5064363479614258 343
1774206263444 -0.009272131137549877 344
1774206263506 -0.09160823374986649 345
1774206264903 -1.868927240371704 346
1774206264933 -0.005018831696361303 347
1774206264962 0.5944694876670837 348
1774206264992 0.739166259765625 349
1774206265022 0.0007377542788162827 350
1774206265052 0.0006805016892030835 351
1774206265082 0.001689530210569501 352
1774206265110 1.178531289100647 353
1774206265138 0.001721172477118671 354
1774206265165 0.7196235060691833 355
1774206265191 -0.3932923376560211 356
1774206265217 -0.001664640847593546 357
1774206265243 0.0009389716433361173 358
1774206265269 -0.006833844352513552 359
1774206265295 -0.00521416449919343 360
1774206265321 0.4194200336933136 361
1774206265347 -0.00040006698691286147 362
1774206265374 1.0656640529632568 363
1774206265399 -0.0018711184384301305 364
1774206265425 -0.0017214175313711166 365
1774206265451 0.03541668504476547 366
1774206265478 0.0014840649673715234 367
1774206265504 -0.14182297885417938 368
1774206265530 -0.0018727643182501197 369
1774206265556 1.1316684484481812 370
1774206265582 0.000895438774023205 371
1774206265607 -0.001165432739071548 372
1774206265632 -0.006124413572251797 373
1774206265657 -0.00330944056622684 374
1774206265682 0.0011783929076045752 375
1774206265707 0.07081843167543411 376
1774206265734 -0.06539063900709152 377
1774206265761 0.31819847226142883 378
1774206265787 1.9510389566421509 379
1774206265813 -0.08705484867095947 380
1774206265838 0.0014823665842413902 381
1774206265862 -0.9113192558288574 382
1774206265887 0.9025804400444031 383
1774206265913 -0.004325784742832184 384
1774206265938 -0.001941487891599536 385
1774206265962 -0.1327405571937561 386
1774206265986 -0.005882755387574434 387
1774206266016 -0.00027951845549978316 388
1774206266048 0.0019223123090341687 389
1774206266073 -0.005582405254244804 390
1774206266100 -0.6568905711174011 391
1774206266127 -0.03876885026693344 392
1774206266152 -0.003401956520974636 393
1774206266179 0.0006965225911699235 394
1774206266204 -0.12507367134094238 395
1774206266228 -0.0015418032417073846 396
1774206266253 -0.006187655963003635 397
1774206266278 0.1537019908428192 398
1774206266303 0.39286985993385315 399
1774206266329 -0.0009910332737490535 400
1774206266356 -0.03734549880027771 401
1774206266382 -0.15407636761665344 402
1774206266406 -0.00855925027281046 403
1774206266433 -0.1069052442908287 404
1774206266460 0.001589318155311048 405
1774206266484 0.001702692941762507 406
1774206266509 -0.04283985495567322 407
1774206266533 -0.004297938197851181 408
1774206267876 5.722227573394775 409
1774206267903 0.0026273864787071943 410
1774206267931 -0.0073051308281719685 411
1774206267958 0.0030264013912528753 412
1774206299477 2.210787296295166 413
1774206299683 0.0004572425677906722 414
1774206299759 -0.0008724012295715511 415
1774206299788 -0.04032883048057556 416
1774206299816 -0.001419559121131897 417
1774206299845 0.0006621513748541474 418
1774206299873 -0.1095120757818222 419
1774206299900 -0.0007030442357063293 420
1774206299928 0.004043933469802141 421
1774206301618 3.539398431777954 422
1774206303470 3.102724552154541 423
1774206305290 -1.3911371231079102 424
1774206305413 -0.1876535564661026 425
1774206305525 0.00397746916860342 426
1774206305566 -0.004819306544959545 427
1774206307016 2.5104074478149414 428
1774206307047 0.0025475877337157726 429
1774206308561 3.9233145713806152 430
1774206308616 -0.028122343122959137 431
1774206310194 -2.97054123878479 432
1774206310239 -0.00708023551851511 433
1774206310284 -0.0044497232884168625 434
1774206310330 0.004815715365111828 435
1774206310367 1.5042814016342163 436
1774206310402 0.0011190813966095448 437
1774206310434 -0.6783876419067383 438
1774206310467 0.0018848588224500418 439
1774206310499 -0.13425053656101227 440
1774206310532 0.0036610590759664774 441
1774206310560 0.0046412041410803795 442
1774206310585 -2.765174627304077 443
1774206310611 -0.02015606313943863 444
1774206310637 0.005385106895118952 445
1774206310664 0.08104699850082397 446
1774206310690 0.003204833948984742 447
1774206310716 -0.04936356842517853 448
1774206310742 -0.004388179164379835 449
1774206310767 -1.495316982269287 450
1774206310794 1.9302910566329956 451
1774206310820 -0.6486684679985046 452
1774206310845 0.0020675098057836294 453
1774206310872 0.001878697774372995 454
1774206310898 -2.8070295229554176e-05 455
1774206310923 0.3845163583755493 456
1774206310947 -0.014752146787941456 457
1774206310973 0.41561856865882874 458
1774206310998 -0.06350499391555786 459
1774206311023 0.0030766541603952646 460
1774206311049 -0.04422245919704437 461
1774206311074 -0.24242345988750458 462
1774206311099 0.0043692393228411674 463
1774206311124 0.004613155499100685 464
1774206311149 0.4186088442802429 465
1774206311174 0.001146366004832089 466
1774206311200 0.00024006093735806644 467
1774206311224 0.005156315863132477 468
1774206311249 -0.16567791998386383 469
1774206311276 0.13476423919200897 470
1774206311302 -0.11089270561933517 471
1774206311328 -0.0066437991335988045 472
1774206311354 -0.19361759722232819 473
1774206311379 0.004286653362214565 474
1774206311403 0.00507329823449254 475
1774206311429 -0.30137723684310913 476
1774206311453 0.0034960100892931223 477
1774206311478 -0.1307642012834549 478
1774206311504 -0.004595839884132147 479
1774206311528 0.006095811724662781 480
1774206311553 0.005509221460670233 481
1774206311579 0.0007144852424971759 482
1774206311604 -0.037438951432704926 483
1774206311629 -7.366644422290847e-05 484
1774206311655 0.005675311200320721 485
1774206311681 0.0021331508178263903 486
1774206311707 0.00215188623405993 487
1774206311750 -0.0071202549152076244 488
1774206311775 0.002067282795906067 489
1774206311801 -0.10542206466197968 490
1774206311826 -0.004505880177021027 491
1774206311854 0.0047992258332669735 492
1774206311880 -2.0028648376464844 493
1774206311905 0.006985679734498262 494
1774206311929 0.0030277955811470747 495
1774206311954 -0.3011200428009033 496
1774206311978 1.9144766330718994 497
1774206312003 -0.006062351167201996 498
1774206312028 0.0064324187114834785 499
1774206204855 0.027145741507411003 0
