1774206204857 0.9082998037338257 0
1774206204950 0.9887788891792297 1
1774206204978 0.7631717920303345 2
1774206205005 0.9689645767211914 3
1774206205032 0.8957912921905518 4
1774206205059 0.06128446012735367 5
1774206205087 0.9353530406951904 6
1774206205114 0.8980805277824402 7
1774206205141 0.8233053088188171 8
1774206205168 0.8745022416114807 9
1774206207617 227.80599975585938 10
1774206207647 0.8241831064224243 11
1774206207676 0.8426424264907837 12
1774206207704 0.543738603591919 13
1774206207733 0.8007901310920715 14
1774206207762 0.7521868348121643 15
1774206207789 0.36684954166412354 16
1774206207815 0.701567530632019 17
1774206207841 0.7110462188720703 18
1774206207867 0.6975403428077698 19
1774206207893 0.11412623524665833 20
1774206207919 0.7832047343254089 21
1774206207945 0.6972196698188782 22
1774206207970 0.6919604539871216 23
1774206207996 0.7150040864944458 24
1774206208024 0.5650941729545593 25
1774206208051 0.17207762598991394 26
1774206208076 0.7088939547538757 27
1774206209639 176.8771514892578 28
1774206209666 0.7188494801521301 29
1774206209692 0.6717596650123596 30
1774206209719 0.6637431979179382 31
1774206211126 245.51034545898438 32
1774206211165 0.0016149076400324702 33
1774206211203 0.5063011646270752 34
1774206211242 0.6216202974319458 35
1774206211280 0.6389517188072205 36
1774206211319 0.00601506931707263 37
1774206211356 0.5430660247802734 38
1774206211387 0.5561708807945251 39
1774206211412 9.295475006103516 40
1774206211439 0.5650332570075989 41
1774206212901 63.85636520385742 42
1774206212928 47.43684387207031 43
1774206212955 0.5577936768531799 44
1774206212982 0.5428455471992493 45
1774206213009 0.4398951530456543 46
1774206214366 189.2734375 47
1774206214413 0.23352591693401337 48
1774206214461 0.4826447665691376 49
1774206214505 0.3646259009838104 50
1774206214551 0.46462491154670715 51
1774206214587 0.4451335370540619 52
1774206214614 0.42071256041526794 53
1774206214642 0.417136549949646 54
1774206214670 0.4253755509853363 55
1774206214698 0.2909295856952667 56
1774206215991 156.35670471191406 57
1774206216020 0.2636837661266327 58
1774206216047 0.2680344879627228 59
1774206219522 106.71540069580078 60
1774206219746 8.16236686706543 61
1774206219792 0.045849889516830444 62
1774206219819 1.8639436960220337 63
1774206219847 0.2922784686088562 64
1774206219875 0.31705743074417114 65
1774206219904 0.34765926003456116 66
1774206219934 42.760643005371094 67
1774206219964 11.564018249511719 68
1774206219990 0.2498362958431244 69
1774206220017 8.742498397827148 70
1774206220043 0.25171729922294617 71
1774206220068 0.21419744193553925 72
1774206220099 0.008158615790307522 73
1774206221966 189.67422485351562 74
1774206222027 0.2604372799396515 75
1774206222088 0.2577227056026459 76
1774206222151 0.2566198408603668 77
1774206222188 0.01495427917689085 78
1774206222216 11.89918041229248 79
1774206222244 0.27571535110473633 80
1774206222272 0.22453846037387848 81
1774206222300 0.2146604061126709 82
1774206222329 0.09611796587705612 83
1774206222357 41.15155029296875 84
1774206222386 0.2190479338169098 85
1774206222414 0.13716654479503632 86
1774206222441 0.20834322273731232 87
1774206222469 1.909986138343811 88
1774206222495 0.20116645097732544 89
1774206222520 0.1763816922903061 90
1774206222546 0.2047560214996338 91
1774206222572 16.1295108795166 92
1774206222598 0.1699591875076294 93
1774206222624 0.19174978137016296 94
1774206222650 7.902501583099365 95
1774206222676 0.1865692436695099 96
1774206222702 0.17036527395248413 97
1774206222726 0.1598275601863861 98
1774206222751 0.14781753718852997 99
1774206224240 120.42646026611328 100
1774206224266 0.07408031076192856 101
1774206225975 223.9354705810547 102
1774206226035 0.1441827267408371 103
1774206226091 0.020353462547063828 104
1774206226146 11.339207649230957 105
1774206226185 0.1542682647705078 106
1774206226213 0.14228510856628418 107
1774206226241 0.33766230940818787 108
1774206226269 4.478464603424072 109
1774206226297 0.07016384601593018 110
1774206226325 0.11129507422447205 111
1774206226353 0.057830002158880234 112
1774206228042 50.33209991455078 113
1774206228069 0.09515959769487381 114
1774206228096 0.10577657073736191 115
1774206229615 72.26122283935547 116
1774206230797 166.73269653320312 117
1774206230859 0.08638109266757965 118
1774206232297 37.76437759399414 119
1774206232344 0.09116972237825394 120
1774206232431 0.06031118333339691 121
1774206232521 0.08470670878887177 122
1774206232570 0.0657232254743576 123
1774206232596 1.1560885906219482 124
1774206232622 52.78451919555664 125
1774206232647 0.06604806333780289 126
1774206232673 0.07547357678413391 127
1774206232699 0.016240324825048447 128
1774206232726 0.027451183646917343 129
1774206232752 0.05316954106092453 130
1774206232777 0.0429934598505497 131
1774206232803 0.32902631163597107 132
1774206232829 0.048593517392873764 133
1774206232855 0.05996940657496452 134
1774206232881 0.03328782692551613 135
1774206232907 0.0008906492730602622 136
1774206232934 0.052714988589286804 137
1774206232960 0.031825702637434006 138
1774206232986 0.01454930193722248 139
1774206233012 5.112861156463623 140
1774206233037 0.04097699373960495 141
1774206233062 6.131060600280762 142
1774206233087 0.029127852991223335 143
1774206235989 60.64689254760742 144
1774206236076 0.03479050472378731 145
1774206236161 0.022293100133538246 146
1774206236190 0.04976140707731247 147
1774206236219 0.0066843838430941105 148
1774206236246 0.023688172921538353 149
1774206237817 115.01499938964844 150
1774206237846 0.021596616134047508 151
1774206237875 0.026968611404299736 152
1774206237903 14.985505104064941 153
1774206237931 0.013269992545247078 154
1774206237959 15.163074493408203 155
1774206237986 0.028077945113182068 156
1774206238013 0.01209429930895567 157
1774206238040 0.006896561942994595 158
1774206238065 0.01147645153105259 159
1774206238091 0.009430809877812862 160
1774206238117 0.016438188031315804 161
1774206238143 0.0034729251638054848 162
1774206238168 0.0033472159411758184 163
1774206238194 0.011439421214163303 164
1774206238220 0.001233754213899374 165
1774206238246 0.4473510682582855 166
1774206238272 1.2719444036483765 167
1774206238298 2.5503575801849365 168
1774206238324 17.021034240722656 169
1774206238349 0.0005031477776356041 170
1774206238375 2.64453125 171
1774206238401 0.07534773647785187 172
1774206238426 0.03190812095999718 173
1774206238452 2.3589444160461426 174
1774206238478 19.319272994995117 175
1774206238504 0.005536505486816168 176
1774206238530 34.583770751953125 177
1774206238555 0.0028806468471884727 178
1774206238580 0.7958118319511414 179
1774206238605 0.010917321778833866 180
1774206238630 0.004286326002329588 181
1774206238654 0.31465965509414673 182
1774206238679 0.0024482724256813526 183
1774206238705 0.004988371394574642 184
1774206238730 0.006119507364928722 185
1774206238755 0.0036010732874274254 186
1774206238780 0.009840428829193115 187
1774206238805 11.903630256652832 188
1774206238831 8.146205800585449e-05 189
1774206238855 0.981626570224762 190
1774206238880 0.00030150730162858963 191
1774206238905 0.0013113799504935741 192
1774206238929 7.181269645690918 193
1774206238955 0.00024054785899352282 194
1774206238979 0.00023478468938264996 195
1774206239004 9.262123107910156 196
1774206239030 0.0017792631406337023 197
1774206239054 0.0002161634765798226 198
1774206239079 0.004541190341114998 199
1774206239105 0.005725868511945009 200
1774206240661 106.50304412841797 201
1774206240689 0.004861298017203808 202
1774206242291 165.80288696289062 203
1774206242343 0.0007297313422895968 204
1774206242397 0.0002668150409590453 205
1774206243602 152.76930236816406 206
1774206243652 0.0001954696053871885 207
1774206243701 0.0004642612184397876 208
1774206243750 0.28227394819259644 209
1774206243790 0.001766218338161707 210
1774206243824 0.0021136102732270956 211
1774206243858 13.978839874267578 212
1774206243891 0.003118193941190839 213
1774206243925 7.924635887145996 214
1774206243958 0.00022619742958340794 215
1774206243983 8.239540534304979e-07 216
1774206244010 4.264782428741455 217
1774206244037 0.000914410687983036 218
1774206244062 7.065554382279515e-05 219
1774206245290 155.59017944335938 220
1774206245318 0.007332568522542715 221
1774206245346 0.00574903842061758 222
1774206245375 4.175224781036377 223
1774206245403 1.3259119441499934e-05 224
1774206245431 0.0015510859666392207 225
1774206245458 0.0007760227308608592 226
1774206246643 146.99708557128906 227
1774206246671 0.0242716483771801 228
1774206246698 0.0015454712556675076 229
1774206246725 0.01797904260456562 230
1774206246752 1.002519184112316e-05 231
1774206246779 9.751548532221932e-06 232
1774206246805 0.01583363674581051 233
1774206246832 0.02713010646402836 234
1774206248269 73.4814682006836 235
1774206248307 0.0005895131616853178 236
1774206248345 0.01930585689842701 237
1774206248383 0.0021243547089397907 238
1774206248422 0.00031475452124141157 239
1774206248459 0.00038024369860067964 240
1774206248495 7.79701440478675e-05 241
1774206248532 0.20829258859157562 242
1774206248568 9.777948434930295e-05 243
1774206248594 6.263338582357392e-05 244
1774206248620 3.472285270690918 245
1774206248647 1.094528317451477 246
1774206248672 0.0007752159726805985 247
1774206248698 0.0002539034467190504 248
1774206248724 6.764104000467341e-06 249
1774206249955 180.94662475585938 250
1774206249984 0.00020529166795313358 251
1774206251317 185.38783264160156 252
1774206251362 0.1116933599114418 253
1774206251407 0.005787970498204231 254
1774206251453 14.330440521240234 255
1774206251499 9.568084351485595e-05 256
1774206251543 0.012751973234117031 257
1774206251577 0.0003653251624200493 258
1774206251604 0.0027251718565821648 259
1774206251632 0.00036015769001096487 260
1774206251659 0.0017095026560127735 261
1774206251687 0.00012224976671859622 262
1774206251714 0.00022115731553640217 263
1774206251743 7.335426926147193e-05 264
1774206251771 0.005862495396286249 265
1774206251797 0.0006054488476365805 266
1774206251826 1.8873843146138825e-05 267
1774206251853 0.004234047140926123 268
1774206251878 0.0877474918961525 269
1774206251905 0.02681860886514187 270
1774206251932 0.0001631474297028035 271
1774206251958 0.040858592838048935 272
1774206251984 0.00010484211088623852 273
1774206252009 0.0025024516507983208 274
1774206252036 1.7333943843841553 275
1774206252061 17.48194694519043 276
1774206252087 0.0014019992668181658 277
1774206252112 8.500496864318848 278
1774206252138 0.2773891091346741 279
1774206252164 0.0006228697602637112 280
1774206252189 2.5544538497924805 281
1774206252214 0.00014800342614762485 282
1774206252238 7.29016464902088e-05 283
1774206252263 0.001772385905496776 284
1774206252287 0.000623831117991358 285
1774206252313 4.327537536621094 286
1774206252337 0.4415116012096405 287
1774206252362 0.0004673305666074157 288
1774206252387 0.04107729345560074 289
1774206252412 3.0961789889261127e-05 290
1774206252437 0.0012605370720848441 291
1774206252462 0.0006456376286223531 292
1774206252487 0.5560753345489502 293
1774206252511 0.0018324939301237464 294
1774206252536 9.27111530303955 295
1774206252561 0.0004740575095638633 296
1774206252586 0.00022844229533802718 297
1774206252611 0.668239414691925 298
1774206252636 0.0017415807815268636 299
1774206252662 0.004480198957026005 300
1774206252688 0.004126223735511303 301
1774206252713 0.0017273223493248224 302
1774206252738 0.003404468297958374 303
1774206252763 0.0003258998622186482 304
1774206252788 0.0009807466994971037 305
1774206252814 1.199907898902893 306
1774206252838 0.002551252953708172 307
1774206254328 62.75395965576172 308
1774206254355 0.0024252168368548155 309
1774206254382 0.00012130523100495338 310
1774206254410 0.0055261412635445595 311
1774206254437 0.00020030919404234737 312
1774206254465 10.677698135375977 313
1774206255695 109.98554229736328 314
1774206255723 0.003828536020591855 315
1774206255750 0.006563873030245304 316
1774206255778 0.012043578550219536 317
1774206256927 250.04408264160156 318
1774206256968 0.009622722864151001 319
1774206257012 0.4603530168533325 320
1774206257055 0.00015948341751936823 321
1774206257100 0.003416867461055517 322
1774206257142 6.553620187332854e-05 323
1774206257175 3.2485451698303223 324
1774206257202 1.9803237591986544e-05 325
1774206257230 0.0027712415903806686 326
1774206257257 0.012792093679308891 327
1774206257284 0.00013271105126477778 328
1774206257315 0.0025304800365120173 329
1774206258557 73.9472427368164 330
1774206259903 44.8291130065918 331
1774206259954 0.001448419177904725 332
1774206260005 0.6468861103057861 333
1774206260059 5.379207611083984 334
1774206260109 0.2480478137731552 335
1774206260159 0.03401205316185951 336
1774206260187 1.7697972509722604e-07 337
1774206260216 7.302078302018344e-05 338
1774206260244 0.0011079006362706423 339
1774206260272 0.0018298770301043987 340
1774206261550 179.22691345214844 341
1774206263327 110.78990936279297 342
1774206263385 5.38093376159668 343
1774206263445 0.02080707624554634 344
1774206263507 0.47934097051620483 345
1774206264904 55.07422637939453 346
1774206264934 0.005137587897479534 347
1774206264963 5.873699188232422 348
1774206264993 10.471233367919922 349
1774206265023 0.0003744591085705906 350
1774206265053 0.00031882402254268527 351
1774206265083 0.003569431137293577 352
1774206265111 12.70362663269043 353
1774206265139 0.005562951788306236 354
1774206265166 7.05938196182251 355
1774206265192 3.2959909439086914 356
1774206265218 0.0009735808125697076 357
1774206265244 0.0005862556863576174 358
1774206265270 0.008693690411746502 359
1774206265296 0.006946318782866001 360
1774206265322 2.773947238922119 361
1774206265348 5.701061672880314e-05 362
1774206265375 8.731512069702148 363
1774206265400 0.0013166129356250167 364
1774206265426 0.0010691536590456963 365
1774206265452 0.014476333744823933 366
1774206265479 0.002762744901701808 367
1774206265505 0.8678802847862244 368
1774206265531 0.00122963753528893 369
1774206265557 15.913558006286621 370
1774206265583 0.000434007088188082 371
1774206265608 0.000501953240018338 372
1774206265633 0.007067629136145115 373
1774206265658 0.002847326220944524 374
1774206265683 0.001256980118341744 375
1774206265709 0.10385075211524963 376
1774206265735 0.5420648455619812 377
1774206265762 1.4234824180603027 378
1774206265788 24.609046936035156 379
1774206265814 0.3306301236152649 380
1774206265839 0.0026630377396941185 381
1774206265863 10.340461730957031 382
1774206265889 11.643769264221191 383
1774206265914 0.0038194097578525543 384
1774206265939 0.0015059211291372776 385
1774206265963 0.7066000699996948 386
1774206265987 0.01011472474783659 387
1774206266019 2.8266396839171648e-05 388
1774206266049 0.009782935492694378 389
1774206266074 0.005327148362994194 390
1774206266102 6.835079193115234 391
1774206266128 0.13171857595443726 392
1774206266153 0.002511398633942008 393
1774206266180 0.00020429198048077524 394
1774206266205 0.7057989239692688 395
1774206266229 0.0005241472972556949 396
1774206266254 0.006308895070105791 397
1774206266279 0.44915157556533813 398
1774206266304 2.23633074760437 399
1774206266330 0.0002494460204616189 400
1774206266357 0.09651995450258255 401
1774206266383 0.9023081660270691 402
1774206266407 0.010453986003994942 403
1774206266434 0.5167582035064697 404
1774206266461 0.0009018052369356155 405
1774206266486 0.0010549969738349319 406
1774206266510 0.08735405653715134 407
1774206266534 0.0028848135843873024 408
1774206267877 221.06114196777344 409
1774206267904 0.002344151260331273 410
1774206267932 0.006618719547986984 411
1774206267959 0.0038749459199607372 412
1774206299478 109.67388916015625 413
1774206299685 5.5592892749700695e-05 414
1774206299760 0.00014603619638364762 415
1774206299789 0.1570444405078888 416
1774206299817 0.00031987426336854696 417
1774206299846 9.826929453993216e-05 418
1774206299874 0.4530613422393799 419
1774206299901 8.602155867265537e-05 420
1774206299929 0.007035365793853998 421
1774206301619 160.7432098388672 422
1774206303471 103.1449966430664 423
1774206305291 43.07080078125 424
1774206305414 0.9342747926712036 425
1774206305526 0.006624781992286444 426
1774206305567 0.0029679033905267715 427
1774206307018 118.24281311035156 428
1774206307048 0.0016491443384438753 429
1774206308562 173.66400146484375 430
1774206308618 0.0562228299677372 431
1774206310195 76.07699584960938 432
1774206310241 0.005629370920360088 433
1774206310285 0.0024055023677647114 434
1774206310331 0.023953258991241455 435
1774206310368 26.510404586791992 436
1774206310403 0.0002450317842885852 437
1774206310436 4.595850944519043 438
1774206310468 0.0007828187081031501 439
1774206310500 0.8198438882827759 440
1774206310533 0.003930389881134033 441
1774206310561 0.007502554915845394 442
1774206310586 36.86882019042969 443
1774206310612 0.02832508087158203 444
1774206310638 0.02344466932117939 445
1774206310665 0.05960356816649437 446
1774206310691 0.0027445724699646235 447
1774206310717 0.18939849734306335 448
1774206310743 0.0027222726494073868 449
1774206310768 17.43433380126953 450
1774206310795 26.022008895874023 451
1774206310821 5.4774932861328125 452
1774206310846 0.0009617957985028625 453
1774206310873 0.0006237655761651695 454
1774206310899 1.406046123975102e-07 455
1774206310924 1.9517028331756592 456
1774206310948 0.021790070459246635 457
1774206310974 3.1026289463043213 458
1774206310999 0.23452843725681305 459
1774206311025 0.002031648065894842 460
1774206311050 0.11545269936323166 461
1774206311075 1.058122158050537 462
1774206311100 0.004764053039252758 463
1774206311125 0.006239502225071192 464
1774206311150 3.815261125564575 465
1774206311175 0.00020684549235738814 466
1774206311201 9.425246389582753e-06 467
1774206311225 0.007566181477159262 468
1774206311250 1.0371726751327515 469
1774206311277 0.3334803581237793 470
1774206311304 0.44257423281669617 471
1774206311330 0.004344369284808636 472
1774206311355 0.7675206065177917 473
1774206311380 0.004591489210724831 474
1774206311404 0.00746963219717145 475
1774206311430 1.667899250984192 476
1774206311454 0.0026858726050704718 477
1774206311480 0.6865986585617065 478
1774206311505 0.003360630013048649 479
1774206311529 0.016363641247153282 480
1774206311554 0.008785430341959 481
1774206311580 8.255562715930864e-05 482
1774206311605 0.07259344309568405 483
1774206311630 7.427398713844013e-07 484
1774206311656 0.009372126311063766 485
1774206311682 0.0008007678552530706 486
1774206311708 0.0007086228579282761 487
1774206311751 0.0050684488378465176 488
1774206311776 0.0007409322424791753 489
1774206311802 0.4136432707309723 490
1774206311827 0.002291860291734338 491
1774206311855 0.005599126685410738 492
1774206311881 29.145278930664062 493
1774206311906 0.03409571200609207 494
1774206311930 0.0016131511656567454 495
1774206311955 1.8678429126739502 496
1774206311979 23.723007202148438 497
1774206312004 0.0035811923444271088 498
1774206312029 0.011552075855433941 499
1774206204857 0.9082998037338257 0
