1774206204858 0.012337752617895603 0
1774206204951 0.013621130026876926 1
1774206204979 0.1512404829263687 2
1774206205006 0.01341148279607296 3
1774206205033 0.01345003955066204 4
1774206205060 0.09501609951257706 5
1774206205088 0.01313489954918623 6
1774206205115 0.013396858237683773 7
1774206205142 0.014296154491603374 8
1774206205169 0.013632150366902351 9
1774206207618 0.35768163204193115 10
1774206207648 0.013487792573869228 11
1774206207677 0.013870922848582268 12
1774206207705 0.09140393137931824 13
1774206207734 0.018879448994994164 14
1774206207763 0.0161653533577919 15
1774206207790 0.05118347331881523 16
1774206207816 0.01543224323540926 17
1774206207842 0.01595776528120041 18
1774206207868 0.01492676604539156 19
1774206207894 0.12544259428977966 20
1774206207920 0.022253189235925674 21
1774206207946 0.023646162822842598 22
1774206207971 0.014820985496044159 23
1774206207997 0.01615118235349655 24
1774206208025 0.015402567572891712 25
1774206208052 0.06127917394042015 26
1774206208078 0.016555555164813995 27
1774206209640 0.23143696784973145 28
1774206209667 0.016378454864025116 29
1774206209693 0.015624262392520905 30
1774206209720 0.015295173972845078 31
1774206211127 0.2687057554721832 32
1774206211166 0.07105056196451187 33
1774206211204 0.030877767130732536 34
1774206211243 0.01548453327268362 35
1774206211281 0.015544813126325607 36
1774206211320 0.09470218420028687 37
1774206211358 0.015405123122036457 38
1774206211388 0.01536601036787033 39
1774206211413 0.20393303036689758 40
1774206211440 0.015562507323920727 41
1774206212902 0.20993348956108093 42
1774206212929 0.2394363284111023 43
1774206212956 0.015948085114359856 44
1774206212983 0.015341028571128845 45
1774206213010 0.015609906055033207 46
1774206214367 0.25347819924354553 47
1774206214414 0.061507854610681534 48
1774206214462 0.015740850940346718 49
1774206214506 0.020382767543196678 50
1774206214552 0.015747077763080597 51
1774206214588 0.020951470360159874 52
1774206214615 0.015010785311460495 53
1774206214643 0.017431749030947685 54
1774206214671 0.015337442979216576 55
1774206214699 0.03827027976512909 56
1774206215992 0.273235023021698 57
1774206216021 0.017776643857359886 58
1774206216048 0.037001900374889374 59
1774206219523 0.27129173278808594 60
1774206219747 0.18658289313316345 61
1774206219793 0.07815221697092056 62
1774206219820 0.17775282263755798 63
1774206219848 0.016926217824220657 64
1774206219877 0.015716057270765305 65
1774206219905 0.015888962894678116 66
1774206219935 0.22958779335021973 67
1774206219965 0.19980333745479584 68
1774206219991 0.02278805896639824 69
1774206220018 0.19512511789798737 70
1774206220044 0.015950990840792656 71
1774206220069 0.01679161936044693 72
1774206220100 0.12297193706035614 73
1774206221967 0.24607443809509277 74
1774206222028 0.016872307285666466 75
1774206222089 0.016290374100208282 76
1774206222152 0.01727564074099064 77
1774206222189 0.1355086714029312 78
1774206222217 0.318793922662735 79
1774206222245 0.01692812517285347 80
1774206222273 0.01815558224916458 81
1774206222301 0.016156837344169617 82
1774206222330 0.0540250726044178 83
1774206222359 0.28827089071273804 84
1774206222387 0.017470328137278557 85
1774206222415 0.0875115916132927 86
1774206222442 0.01669623889029026 87
1774206222470 0.16471844911575317 88
1774206222496 0.016752157360315323 89
1774206222521 0.024723781272768974 90
1774206222547 0.016086535528302193 91
1774206222573 0.24179956316947937 92
1774206222599 0.01675175130367279 93
1774206222625 0.01707760989665985 94
1774206222651 0.19196797907352448 95
1774206222677 0.017586475238204002 96
1774206222703 0.017696892842650414 97
1774206222727 0.01669352315366268 98
1774206222752 0.01821560226380825 99
1774206224241 0.20034921169281006 100
1774206224267 0.05747902765870094 101
1774206225976 0.3570919334888458 102
1774206226037 0.01859896071255207 103
1774206226092 0.06613770127296448 104
1774206226147 0.19275422394275665 105
1774206226186 0.024536265060305595 106
1774206226214 0.01685085892677307 107
1774206226242 0.14465858042240143 108
1774206226270 0.1856946051120758 109
1774206226298 0.017386863008141518 110
1774206226326 0.018834063783288002 111
1774206226354 0.028046729043126106 112
1774206228043 0.22322939336299896 113
1774206228070 0.017469028010964394 114
1774206228097 0.017743607982993126 115
1774206229616 0.3022812604904175 116
1774206230798 0.3027992844581604 117
1774206230860 0.06562548130750656 118
1774206232298 0.2517264783382416 119
1774206232345 0.017548250034451485 120
1774206232432 0.01731058396399021 121
1774206232522 0.017339572310447693 122
1774206232571 0.017679471522569656 123
1774206232597 0.17911094427108765 124
1774206232623 0.22273872792720795 125
1774206232648 0.02568422071635723 126
1774206232674 0.01796393096446991 127
1774206232700 0.08479548990726471 128
1774206232727 0.026553843170404434 129
1774206232753 0.01871291920542717 130
1774206232778 0.01761065423488617 131
1774206232804 0.09502840787172318 132
1774206232831 0.019282512366771698 133
1774206232856 0.01771555468440056 134
1774206232882 0.08409815281629562 135
1774206232908 0.06247171014547348 136
1774206232935 0.02021166868507862 137
1774206232961 0.020545706152915955 138
1774206232987 0.03547848388552666 139
1774206233013 0.1767832189798355 140
1774206233038 0.017747895792126656 141
1774206233063 0.13893763720989227 142
1774206233088 0.019564295187592506 143
1774206235990 0.226077601313591 144
1774206236077 0.017958728596568108 145
1774206236162 0.018218358978629112 146
1774206236191 0.019864331930875778 147
1774206236220 0.02053474262356758 148
1774206236247 0.019104519858956337 149
1774206237818 0.24463118612766266 150
1774206237847 0.01940721832215786 151
1774206237876 0.02111438289284706 152
1774206237904 0.30187278985977173 153
1774206237932 0.020051615312695503 154
1774206237960 0.2097368687391281 155
1774206237987 0.01924774795770645 156
1774206238014 0.01938488520681858 157
1774206238041 0.025473326444625854 158
1774206238066 0.0211696345359087 159
1774206238092 0.021426090970635414 160
1774206238118 0.02020401321351528 161
1774206238144 0.027953725308179855 162
1774206238170 0.023641368374228477 163
1774206238195 0.019685816019773483 164
1774206238221 0.01996094360947609 165
1774206238247 0.20647765696048737 166
1774206238273 0.24483752250671387 167
1774206238299 0.2206641584634781 168
1774206238325 0.23741339147090912 169
1774206238350 0.0205692108720541 170
1774206238376 0.19128938019275665 171
1774206238402 0.05292264372110367 172
1774206238428 0.06612709164619446 173
1774206238453 0.16780050098896027 174
1774206238479 0.19232505559921265 175
1774206238505 0.021282875910401344 176
1774206238531 0.24095138907432556 177
1774206238556 0.021817658096551895 178
1774206238581 0.19460593163967133 179
1774206238606 0.021235965192317963 180
1774206238631 0.020906683057546616 181
1774206238655 0.10860425978899002 182
1774206238680 0.02101758122444153 183
1774206238706 0.023323874920606613 184
1774206238731 0.021349485963582993 185
1774206238756 0.02137942984700203 186
1774206238781 0.02206338755786419 187
1774206238806 0.2919258177280426 188
1774206238832 0.021980933845043182 189
1774206238856 0.10952261835336685 190
1774206238881 0.021357424557209015 191
1774206238906 0.02373160794377327 192
1774206238930 0.201627716422081 193
1774206238956 0.02212955616414547 194
1774206238980 0.02293487638235092 195
1774206239006 0.2198200672864914 196
1774206239031 0.02178816683590412 197
1774206239055 0.022679923102259636 198
1774206239081 0.02343146875500679 199
1774206239106 0.029805056750774384 200
1774206240662 0.2476499080657959 201
1774206240690 0.02464883401989937 202
1774206242293 0.2215806394815445 203
1774206242344 0.033379025757312775 204
1774206242398 0.024101532995700836 205
1774206243603 0.25058889389038086 206
1774206243653 0.022475548088550568 207
1774206243702 0.025974223390221596 208
1774206243750 0.06491950154304504 209
1774206243791 0.02861831709742546 210
1774206243825 0.04193202778697014 211
1774206243859 0.2115318477153778 212
1774206243893 0.023644452914595604 213
1774206243926 0.18806789815425873 214
1774206243959 0.023773230612277985 215
1774206243984 0.02448856830596924 216
1774206244011 0.12652528285980225 217
1774206244038 0.03136280179023743 218
1774206244063 0.026259662583470345 219
1774206245291 0.3266634941101074 220
1774206245320 0.027392655611038208 221
1774206245347 0.024342041462659836 222
1774206245376 0.1900683045387268 223
1774206245404 0.025465678423643112 224
1774206245432 0.02481783553957939 225
1774206245459 0.023926330730319023 226
1774206246644 0.3324050307273865 227
1774206246672 0.045666858553886414 228
1774206246700 0.025185110047459602 229
1774206246726 0.034441132098436356 230
1774206246753 0.02505601942539215 231
1774206246780 0.028369838371872902 232
1774206246806 0.06544174998998642 233
1774206246833 0.04258198291063309 234
1774206248270 0.31843745708465576 235
1774206248308 0.024883275851607323 236
1774206248346 0.053440161049366 237
1774206248384 0.025134854018688202 238
1774206248423 0.02785692922770977 239
1774206248460 0.030349574983119965 240
1774206248496 0.030402714386582375 241
1774206248533 0.15051260590553284 242
1774206248569 0.02689722739160061 243
1774206248595 0.026407860219478607 244
1774206248621 0.1857152283191681 245
1774206248648 0.15423673391342163 246
1774206248673 0.02585320733487606 247
1774206248699 0.026578884571790695 248
1774206248725 0.028994586318731308 249
1774206249957 0.3241495192050934 250
1774206249985 0.026731766760349274 251
1774206251318 0.3112141489982605 252
1774206251363 0.2082270085811615 253
1774206251408 0.027555614709854126 254
1774206251454 0.2975998818874359 255
1774206251500 0.02678600139915943 256
1774206251544 0.09380634129047394 257
1774206251578 0.029207827523350716 258
1774206251605 0.050884608179330826 259
1774206251633 0.02880866266787052 260
1774206251660 0.027630958706140518 261
1774206251688 0.02757258526980877 262
1774206251715 0.029183194041252136 263
1774206251744 0.028502007946372032 264
1774206251772 0.027637070044875145 265
1774206251798 0.027990048751235008 266
1774206251827 0.027010370045900345 267
1774206251854 0.029346752911806107 268
1774206251880 0.11873668432235718 269
1774206251906 0.05424108728766441 270
1774206251933 0.028397055342793465 271
1774206251959 0.26838234066963196 272
1774206251985 0.03309335187077522 273
1774206252010 0.0422946959733963 274
1774206252037 0.18972457945346832 275
1774206252062 0.23230299353599548 276
1774206252088 0.030214888975024223 277
1774206252113 0.2389223277568817 278
1774206252139 0.11628566682338715 279
1774206252165 0.029276711866259575 280
1774206252190 0.21905425190925598 281
1774206252215 0.028579549863934517 282
1774206252239 0.03932592272758484 283
1774206252264 0.02990962378680706 284
1774206252288 0.030322609469294548 285
1774206252314 0.2524670660495758 286
1774206252338 0.08265222609043121 287
1774206252363 0.02961677871644497 288
1774206252388 0.057147350162267685 289
1774206252413 0.03046608157455921 290
1774206252438 0.031020935624837875 291
1774206252463 0.03171538934111595 292
1774206252488 0.10054083913564682 293
1774206252512 0.03271787241101265 294
1774206252537 0.23068559169769287 295
1774206252562 0.0368962436914444 296
1774206252587 0.03078608214855194 297
1774206252612 0.16670837998390198 298
1774206252637 0.031694620847702026 299
1774206252663 0.043532539159059525 300
1774206252689 0.03228840231895447 301
1774206252714 0.03442460298538208 302
1774206252739 0.04463764280080795 303
1774206252764 0.06695821136236191 304
1774206252789 0.03746761009097099 305
1774206252815 0.15423394739627838 306
1774206252839 0.03369106724858284 307
1774206254329 0.34189239144325256 308
1774206254356 0.03401175141334534 309
1774206254383 0.0397852286696434 310
1774206254411 0.03565013408660889 311
1774206254438 0.03398657590150833 312
1774206254466 0.1597585827112198 313
1774206255696 0.2768952250480652 314
1774206255724 0.03732443228363991 315
1774206255751 0.03533920645713806 316
1774206255779 0.06371533870697021 317
1774206256928 0.3066975474357605 318
1774206256969 0.035001542419195175 319
1774206257013 0.15557928383350372 320
1774206257056 0.0368102602660656 321
1774206257101 0.04065629839897156 322
1774206257143 0.037560511380434036 323
1774206257176 0.19284673035144806 324
1774206257203 0.036895330995321274 325
1774206257231 0.03776877000927925 326
1774206257258 0.040151823312044144 327
1774206257285 0.038257189095020294 328
1774206257316 0.03769711032509804 329
1774206258558 0.32563385367393494 330
1774206259904 0.21550510823726654 331
1774206259955 0.03909033164381981 332
1774206260006 0.16224385797977448 333
1774206260060 0.1906650960445404 334
1774206260111 0.08829381316900253 335
1774206260160 0.19804160296916962 336
1774206260188 0.06446529924869537 337
1774206260217 0.04270307719707489 338
1774206260245 0.041727058589458466 339
1774206260273 0.04069897532463074 340
1774206261551 0.25714558362960815 341
1774206263328 0.27376890182495117 342
1774206263386 0.20128336548805237 343
1774206263446 0.08770854026079178 344
1774206263508 0.12146264314651489 345
1774206264905 0.257272869348526 346
1774206264935 0.0464043952524662 347
1774206264965 0.2525489926338196 348
1774206264994 0.197705939412117 349
1774206265024 0.042358145117759705 350
1774206265054 0.0426868237555027 351
1774206265084 0.04482584074139595 352
1774206265112 0.2899536192417145 353
1774206265140 0.04453567788004875 354
1774206265167 0.24307477474212646 355
1774206265193 0.1818545013666153 356
1774206265219 0.045568469911813736 357
1774206265245 0.04692799597978592 358
1774206265271 0.05002403259277344 359
1774206265297 0.05852920189499855 360
1774206265323 0.2578491270542145 361
1774206265349 0.07784774154424667 362
1774206265376 0.35304421186447144 363
1774206265401 0.047213152050971985 364
1774206265427 0.0482860766351223 365
1774206265453 0.28324151039123535 366
1774206265480 0.04877869412302971 367
1774206265506 0.13441118597984314 368
1774206265532 0.049367789179086685 369
1774206265558 0.2971501052379608 370
1774206265584 0.05366620793938637 371
1774206265610 0.05224623903632164 372
1774206265635 0.06285199522972107 373
1774206265659 0.054805632680654526 374
1774206265684 0.050469737499952316 375
1774206265710 0.22167792916297913 376
1774206265736 0.09909006953239441 377
1774206265763 0.26337748765945435 378
1774206265790 0.36232632398605347 379
1774206265815 0.12832704186439514 380
1774206265840 0.052211400121450424 381
1774206265864 0.27921757102012634 382
1774206265890 0.2698099911212921 383
1774206265915 0.06411156058311462 384
1774206265940 0.056811969727277756 385
1774206265964 0.1623450368642807 386
1774206265989 0.07332642376422882 387
1774206266022 0.05613817647099495 388
1774206266050 0.0535079762339592 389
1774206266075 0.08487388491630554 390
1774206266103 0.24463726580142975 391
1774206266129 0.09498569369316101 392
1774206266154 0.05529431626200676 393
1774206266181 0.05507161468267441 394
1774206266206 0.14178559184074402 395
1774206266230 0.06093964725732803 396
1774206266255 0.05569809302687645 397
1774206266280 0.22415943443775177 398
1774206266305 0.2640148401260376 399
1774206266331 0.05627091974020004 400
1774206266358 0.0883229449391365 401
1774206266384 0.1524219959974289 402
1774206266408 0.0694904550909996 403
1774206266436 0.15874211490154266 404
1774206266462 0.05619969218969345 405
1774206266487 0.05884433165192604 406
1774206266511 0.15343289077281952 407
1774206266535 0.08510054647922516 408
1774206267878 0.38171711564064026 409
1774206267905 0.060538072139024734 410
1774206267933 0.06013559177517891 411
1774206267960 0.058918971568346024 412
1774206299479 0.22118589282035828 413
1774206299686 0.06398347020149231 414
1774206299761 0.060080014169216156 415
1774206299790 0.10066283494234085 416
1774206299818 0.07010207325220108 417
1774206299847 0.060645557940006256 418
1774206299875 0.16179169714450836 419
1774206299902 0.06685023754835129 420
1774206299930 0.061573926359415054 421
1774206301620 0.2653931677341461 422
1774206303472 0.3008407652378082 423
1774206305292 0.24376234412193298 424
1774206305415 0.16659675538539886 425
1774206305527 0.06398501992225647 426
1774206305568 0.06668035686016083 427
1774206307019 0.23518149554729462 428
1774206307049 0.06460835784673691 429
1774206308563 0.27928251028060913 430
1774206308619 0.08420051634311676 431
1774206310197 0.3446238934993744 432
1774206310242 0.06749960035085678 433
1774206310286 0.07031897455453873 434
1774206310332 0.06693024933338165 435
1774206310369 0.30268803238868713 436
1774206310404 0.07096463441848755 437
1774206310437 0.2786009907722473 438
1774206310469 0.06679362058639526 439
1774206310502 0.14650516211986542 440
1774206310534 0.06886400282382965 441
1774206310562 0.06937077641487122 442
1774206310587 0.4331314265727997 443
1774206310613 0.06953516602516174 444
1774206310639 0.06838315725326538 445
1774206310666 0.3373561501502991 446
1774206310692 0.07184002548456192 447
1774206310718 0.1022002175450325 448
1774206310744 0.09163212031126022 449
1774206310769 0.3559613823890686 450
1774206310796 0.38620683550834656 451
1774206310822 0.25641071796417236 452
1774206310847 0.07355992496013641 453
1774206310874 0.07529064267873764 454
1774206310900 0.07386060059070587 455
1774206310925 0.274150013923645 456
1774206310949 0.11547724902629852 457
1774206310975 0.21604475378990173 458
1774206311000 0.10714688897132874 459
1774206311026 0.07084216922521591 460
1774206311051 0.12748092412948608 461
1774206311076 0.18862399458885193 462
1774206311101 0.07257433235645294 463
1774206311126 0.07026359438896179 464
1774206311151 0.21647298336029053 465
1774206311176 0.07667747139930725 466
1774206311202 0.07296474277973175 467
1774206311226 0.07158441841602325 468
1774206311251 0.1648472547531128 469
1774206311278 0.22798621654510498 470
1774206311305 0.16621334850788116 471
1774206311331 0.07835931330919266 472
1774206311356 0.2111256718635559 473
1774206311381 0.0729188546538353 474
1774206311405 0.07376508414745331 475
1774206311431 0.23547983169555664 476
1774206311455 0.07473358511924744 477
1774206311481 0.15883943438529968 478
1774206311506 0.094247967004776 479
1774206311530 0.07465130090713501 480
1774206311555 0.07540981471538544 481
1774206311581 0.07644083350896835 482
1774206311606 0.11225049197673798 483
1774206311631 0.07807895541191101 484
1774206311657 0.07591076195240021 485
1774206311683 0.0907401293516159 486
1774206311709 0.08409066498279572 487
1774206311752 0.07786282151937485 488
1774206311777 0.07811886072158813 489
1774206311803 0.15480603277683258 490
1774206311828 0.08177696168422699 491
1774206311856 0.08304627984762192 492
1774206311882 0.3816641867160797 493
1774206311907 0.0817120373249054 494
1774206311931 0.08376900106668472 495
1774206311956 0.22454844415187836 496
1774206311980 0.3913276791572571 497
1774206312005 0.08382276445627213 498
1774206312030 0.08281727135181427 499
1774206204858 0.012337752617895603 0
