1774206204837 0.0 0
1774206204945 0.0 1
1774206204973 0.0 2
1774206205000 0.0 3
1774206205027 0.0 4
1774206205054 0.0 5
1774206205082 0.0 6
1774206205109 0.0 7
1774206205137 0.0 8
1774206205164 0.0 9
1774206207612 10.0 10
1774206207642 0.0 11
1774206207671 0.0 12
1774206207700 0.0 13
1774206207728 0.0 14
1774206207757 0.0 15
1774206207784 0.0 16
1774206207810 0.0 17
1774206207836 0.0 18
1774206207862 0.0 19
1774206207888 0.0 20
1774206207914 0.0 21
1774206207940 0.0 22
1774206207966 0.0 23
1774206207992 0.0 24
1774206208019 0.0 25
1774206208046 0.0 26
1774206208072 0.0 27
1774206209634 10.0 28
1774206209661 0.0 29
1774206209688 0.0 30
1774206209714 0.0 31
1774206211121 10.0 32
1774206211159 0.0 33
1774206211198 0.0 34
1774206211237 0.0 35
1774206211276 0.0 36
1774206211315 0.0 37
1774206211352 0.0 38
1774206211382 0.0 39
1774206211407 0.0 40
1774206211434 0.0 41
1774206212896 10.0 42
1774206212923 0.0 43
1774206212951 0.0 44
1774206212977 0.0 45
1774206213004 0.0 46
1774206214361 10.0 47
1774206214407 0.0 48
1774206214455 0.0 49
1774206214501 0.0 50
1774206214546 0.0 51
1774206214582 0.0 52
1774206214610 0.0 53
1774206214637 0.0 54
1774206214665 0.0 55
1774206214693 0.0 56
1774206215985 10.0 57
1774206216015 0.0 58
1774206216042 0.0 59
1774206219515 10.0 60
1774206219740 0.0 61
1774206219787 0.0 62
1774206219815 0.0 63
1774206219842 0.0 64
1774206219871 0.0 65
1774206219899 0.0 66
1774206219929 0.0 67
1774206219959 0.0 68
1774206219986 0.0 69
1774206220012 0.0 70
1774206220038 0.0 71
1774206220064 0.0 72
1774206220092 0.0 73
1774206221961 10.0 74
1774206222023 0.0 75
1774206222084 0.0 76
1774206222146 0.0 77
1774206222184 0.0 78
1774206222211 0.0 79
1774206222239 0.0 80
1774206222267 0.0 81
1774206222295 0.0 82
1774206222324 0.0 83
1774206222352 0.0 84
1774206222380 0.0 85
1774206222409 0.0 86
1774206222436 0.0 87
1774206222464 0.0 88
1774206222490 0.0 89
1774206222515 0.0 90
1774206222541 0.0 91
1774206222567 0.0 92
1774206222593 0.0 93
1774206222619 0.0 94
1774206222645 0.0 95
1774206222671 0.0 96
1774206222697 0.0 97
1774206222722 0.0 98
1774206222747 0.0 99
1774206224234 10.0 100
1774206224262 0.0 101
1774206225970 10.0 102
1774206226028 0.0 103
1774206226086 0.0 104
1774206226141 0.0 105
1774206226180 0.0 106
1774206226208 0.0 107
1774206226236 0.0 108
1774206226264 0.0 109
1774206226292 0.0 110
1774206226320 0.0 111
1774206226348 0.0 112
1774206228037 -5.0 113
1774206228064 0.0 114
1774206228091 0.0 115
1774206229610 -5.0 116
1774206230792 10.0 117
1774206230854 0.0 118
1774206232291 10.0 119
1774206232339 0.0 120
1774206232427 0.0 121
1774206232516 0.0 122
1774206232565 0.0 123
1774206232591 0.0 124
1774206232617 0.0 125
1774206232643 0.0 126
1774206232668 0.0 127
1774206232694 0.0 128
1774206232721 0.0 129
1774206232747 0.0 130
1774206232773 0.0 131
1774206232798 0.0 132
1774206232824 0.0 133
1774206232850 0.0 134
1774206232876 0.0 135
1774206232902 0.0 136
1774206232929 0.0 137
1774206232955 0.0 138
1774206232981 0.0 139
1774206233007 0.0 140
1774206233032 0.0 141
1774206233057 0.0 142
1774206233082 0.0 143
1774206235984 10.0 144
1774206236072 0.0 145
1774206236156 0.0 146
1774206236186 0.0 147
1774206236214 0.0 148
1774206236241 0.0 149
1774206237811 10.0 150
1774206237842 0.0 151
1774206237871 0.0 152
1774206237899 0.0 153
1774206237926 0.0 154
1774206237955 0.0 155
1774206237981 0.0 156
1774206238008 0.0 157
1774206238035 0.0 158
1774206238061 0.0 159
1774206238087 0.0 160
1774206238112 0.0 161
1774206238138 0.0 162
1774206238164 0.0 163
1774206238190 0.0 164
1774206238215 0.0 165
1774206238241 0.0 166
1774206238267 0.0 167
1774206238293 0.0 168
1774206238319 0.0 169
1774206238345 0.0 170
1774206238371 0.0 171
1774206238396 0.0 172
1774206238422 0.0 173
1774206238448 0.0 174
1774206238473 0.0 175
1774206238499 0.0 176
1774206238526 0.0 177
1774206238551 0.0 178
1774206238576 0.0 179
1774206238600 0.0 180
1774206238625 0.0 181
1774206238650 0.0 182
1774206238675 0.0 183
1774206238700 0.0 184
1774206238726 0.0 185
1774206238751 0.0 186
1774206238775 0.0 187
1774206238800 0.0 188
1774206238826 0.0 189
1774206238851 0.0 190
1774206238875 0.0 191
1774206238900 0.0 192
1774206238925 0.0 193
1774206238950 0.0 194
1774206238975 0.0 195
1774206238999 0.0 196
1774206239025 0.0 197
1774206239050 0.0 198
1774206239075 0.0 199
1774206239100 0.0 200
1774206240654 10.0 201
1774206240684 0.0 202
1774206242285 10.0 203
1774206242339 0.0 204
1774206242393 0.0 205
1774206243597 10.0 206
1774206243647 0.0 207
1774206243696 0.0 208
1774206243745 0.0 209
1774206243784 0.0 210
1774206243819 0.0 211
1774206243854 0.0 212
1774206243887 0.0 213
1774206243920 0.0 214
1774206243954 0.0 215
1774206243979 0.0 216
1774206244005 0.0 217
1774206244032 0.0 218
1774206244058 0.0 219
1774206245284 10.0 220
1774206245314 0.0 221
1774206245341 0.0 222
1774206245370 0.0 223
1774206245398 0.0 224
1774206245426 0.0 225
1774206245453 0.0 226
1774206246638 10.0 227
1774206246666 0.0 228
1774206246694 0.0 229
1774206246721 0.0 230
1774206246747 0.0 231
1774206246774 0.0 232
1774206246800 0.0 233
1774206246827 0.0 234
1774206248264 -5.0 235
1774206248303 0.0 236
1774206248340 0.0 237
1774206248379 0.0 238
1774206248417 0.0 239
1774206248455 0.0 240
1774206248490 0.0 241
1774206248528 0.0 242
1774206248563 0.0 243
1774206248590 0.0 244
1774206248616 0.0 245
1774206248642 0.0 246
1774206248668 0.0 247
1774206248694 0.0 248
1774206248720 0.0 249
1774206249951 10.0 250
1774206249979 0.0 251
1774206251311 10.0 252
1774206251358 0.0 253
1774206251403 0.0 254
1774206251448 0.0 255
1774206251494 0.0 256
1774206251539 0.0 257
1774206251572 0.0 258
1774206251599 0.0 259
1774206251627 0.0 260
1774206251654 0.0 261
1774206251682 0.0 262
1774206251710 0.0 263
1774206251738 0.0 264
1774206251766 0.0 265
1774206251792 0.0 266
1774206251818 0.0 267
1774206251848 0.0 268
1774206251874 0.0 269
1774206251901 0.0 270
1774206251928 0.0 271
1774206251953 0.0 272
1774206251979 0.0 273
1774206252004 0.0 274
1774206252031 0.0 275
1774206252057 0.0 276
1774206252083 0.0 277
1774206252108 0.0 278
1774206252133 0.0 279
1774206252159 0.0 280
1774206252184 0.0 281
1774206252209 0.0 282
1774206252234 0.0 283
1774206252258 0.0 284
1774206252283 0.0 285
1774206252308 0.0 286
1774206252333 0.0 287
1774206252358 0.0 288
1774206252382 0.0 289
1774206252407 0.0 290
1774206252432 0.0 291
1774206252457 0.0 292
1774206252482 0.0 293
1774206252507 0.0 294
1774206252531 0.0 295
1774206252556 0.0 296
1774206252582 0.0 297
1774206252606 0.0 298
1774206252631 0.0 299
1774206252656 0.0 300
1774206252683 0.0 301
1774206252709 0.0 302
1774206252734 0.0 303
1774206252758 0.0 304
1774206252783 0.0 305
1774206252809 0.0 306
1774206252834 0.0 307
1774206254322 -5.0 308
1774206254351 0.0 309
1774206254377 0.0 310
1774206254405 0.0 311
1774206254432 0.0 312
1774206254460 0.0 313
1774206255689 10.0 314
1774206255718 0.0 315
1774206255745 0.0 316
1774206255773 0.0 317
1774206256921 10.0 318
1774206256963 0.0 319
1774206257007 0.0 320
1774206257051 0.0 321
1774206257096 0.0 322
1774206257138 0.0 323
1774206257170 0.0 324
1774206257197 0.0 325
1774206257225 0.0 326
1774206257252 0.0 327
1774206257280 0.0 328
1774206257307 0.0 329
1774206258552 -5.0 330
1774206259897 -5.0 331
1774206259949 0.0 332
1774206260001 0.0 333
1774206260054 0.0 334
1774206260105 0.0 335
1774206260154 0.0 336
1774206260183 0.0 337
1774206260211 0.0 338
1774206260239 0.0 339
1774206260267 0.0 340
1774206261545 10.0 341
1774206263321 10.0 342
1774206263381 0.0 343
1774206263440 0.0 344
1774206263503 0.0 345
1774206264899 -5.0 346
1774206264929 0.0 347
1774206264959 0.0 348
1774206264988 0.0 349
1774206265018 0.0 350
1774206265049 0.0 351
1774206265078 0.0 352
1774206265106 0.0 353
1774206265134 0.0 354
1774206265161 0.0 355
1774206265187 0.0 356
1774206265213 0.0 357
1774206265239 0.0 358
1774206265265 0.0 359
1774206265291 0.0 360
1774206265318 0.0 361
1774206265344 0.0 362
1774206265370 0.0 363
1774206265396 0.0 364
1774206265422 0.0 365
1774206265448 0.0 366
1774206265474 0.0 367
1774206265501 0.0 368
1774206265527 0.0 369
1774206265552 0.0 370
1774206265578 0.0 371
1774206265604 0.0 372
1774206265629 0.0 373
1774206265654 0.0 374
1774206265678 0.0 375
1774206265703 0.0 376
1774206265730 0.0 377
1774206265757 0.0 378
1774206265784 0.0 379
1774206265809 0.0 380
1774206265834 0.0 381
1774206265859 0.0 382
1774206265884 0.0 383
1774206265910 0.0 384
1774206265934 0.0 385
1774206265958 0.0 386
1774206265983 0.0 387
1774206266009 0.0 388
1774206266045 0.0 389
1774206266069 0.0 390
1774206266094 0.0 391
1774206266124 0.0 392
1774206266149 0.0 393
1774206266175 0.0 394
1774206266200 0.0 395
1774206266225 0.0 396
1774206266250 0.0 397
1774206266275 0.0 398
1774206266299 0.0 399
1774206266325 0.0 400
1774206266353 0.0 401
1774206266378 0.0 402
1774206266402 0.0 403
1774206266427 0.0 404
1774206266456 0.0 405
1774206266481 0.0 406
1774206266506 0.0 407
1774206266530 0.0 408
1774206267871 10.0 409
1774206267900 0.0 410
1774206267927 0.0 411
1774206267954 0.0 412
1774206299472 10.0 413
1774206299678 0.0 414
1774206299756 0.0 415
1774206299785 0.0 416
1774206299813 0.0 417
1774206299841 0.0 418
1774206299869 0.0 419
1774206299896 0.0 420
1774206299924 0.0 421
1774206301614 10.0 422
1774206303465 10.0 423
1774206305285 -5.0 424
1774206305409 0.0 425
1774206305521 0.0 426
1774206305562 0.0 427
1774206307012 10.0 428
1774206307043 0.0 429
1774206308557 10.0 430
1774206308611 0.0 431
1774206310190 -5.0 432
1774206310236 0.0 433
1774206310280 0.0 434
1774206310326 0.0 435
1774206310364 0.0 436
1774206310398 0.0 437
1774206310431 0.0 438
1774206310464 0.0 439
1774206310496 0.0 440
1774206310529 0.0 441
1774206310556 0.0 442
1774206310582 0.0 443
1774206310607 0.0 444
1774206310633 0.0 445
1774206310660 0.0 446
1774206310686 0.0 447
1774206310712 0.0 448
1774206310738 0.0 449
1774206310764 0.0 450
1774206310790 0.0 451
1774206310816 0.0 452
1774206310842 0.0 453
1774206310868 0.0 454
1774206310894 0.0 455
1774206310919 0.0 456
1774206310944 0.0 457
1774206310969 0.0 458
1774206310994 0.0 459
1774206311020 0.0 460
1774206311045 0.0 461
1774206311070 0.0 462
1774206311096 0.0 463
1774206311121 0.0 464
1774206311146 0.0 465
1774206311170 0.0 466
1774206311197 0.0 467
1774206311221 0.0 468
1774206311245 0.0 469
1774206311271 0.0 470
1774206311298 0.0 471
1774206311325 0.0 472
1774206311350 0.0 473
1774206311375 0.0 474
1774206311400 0.0 475
1774206311425 0.0 476
1774206311450 0.0 477
1774206311475 0.0 478
1774206311500 0.0 479
1774206311525 0.0 480
1774206311550 0.0 481
1774206311575 0.0 482
1774206311601 0.0 483
1774206311626 0.0 484
1774206311651 0.0 485
1774206311678 0.0 486
1774206311703 0.0 487
1774206311747 0.0 488
1774206311772 0.0 489
1774206311797 0.0 490
1774206311823 0.0 491
1774206311848 0.0 492
1774206311877 0.0 493
1774206311901 0.0 494
1774206311926 0.0 495
1774206311951 0.0 496
1774206311975 0.0 497
1774206311999 0.0 498
1774206312025 0.0 499
1774206204837 0.0 0
