1774206207607 1.0 10
1774206209629 1.0 28
1774206211118 1.0 32
1774206212893 1.0 42
1774206214358 1.0 47
1774206215982 1.0 57
1774206219511 1.0 60
1774206221958 1.0 74
1774206224231 1.0 100
1774206225967 1.0 102
1774206230789 1.0 117
1774206232288 1.0 119
1774206235980 1.0 144
1774206237808 1.0 150
1774206240652 1.0 201
1774206242282 1.0 203
1774206243594 1.0 206
1774206245281 1.0 220
1774206246635 1.0 227
1774206249947 1.0 250
1774206251308 1.0 252
1774206255686 1.0 314
1774206256918 1.0 318
1774206261542 1.0 341
1774206263317 1.0 342
1774206267868 1.0 409
1774206299469 1.0 413
1774206301610 1.0 422
1774206303462 1.0 423
1774206307009 1.0 428
1774206308554 1.0 430
