1774206204840 0.9983142614364624 0
1774206204947 0.9980977773666382 1
1774206204975 0.9333472847938538 2
1774206205002 0.998138964176178 3
1774206205029 0.9981414079666138 4
1774206205056 0.954272449016571 5
1774206205084 0.9981924295425415 6
1774206205112 0.9981350898742676 7
1774206205139 0.9979763627052307 8
1774206205166 0.9980984330177307 9
1774206207614 0.8486546277999878 10
1774206207644 0.9981388449668884 11
1774206207673 0.9980729818344116 12
1774206207702 0.9634926915168762 13
1774206207730 0.9971330165863037 14
1774206207759 0.997631311416626 15
1774206207786 0.9853673577308655 16
1774206207812 0.997748851776123 17
1774206207838 0.9976481199264526 18
1774206207864 0.9978907704353333 19
1774206207890 0.9335694313049316 20
1774206207917 0.9963974356651306 21
1774206207942 0.9947338104248047 22
1774206207968 0.9979203343391418 23
1774206207994 0.9976767301559448 24
1774206208021 0.9977992177009583 25
1774206208048 0.9758907556533813 26
1774206208074 0.9976291060447693 27
1774206209636 0.8906906247138977 28
1774206209663 0.9976551532745361 29
1774206209690 0.9977744221687317 30
1774206209716 0.9978370666503906 31
1774206211123 0.8864472508430481 32
1774206211162 0.9649186730384827 33
1774206211200 0.9926057457923889 34
1774206211239 0.9978101849555969 35
1774206211278 0.9978015422821045 36
1774206211317 0.9615234136581421 37
1774206211354 0.9978206157684326 38
1774206211384 0.9978212714195251 39
1774206211409 0.9135029315948486 40
1774206211436 0.9977951645851135 41
1774206212898 0.904386043548584 42
1774206212925 0.9111461639404297 43
1774206212953 0.9977079629898071 44
1774206212979 0.9977974891662598 45
1774206213006 0.997770369052887 46
1774206214363 0.8821394443511963 47
1774206214409 0.9825080037117004 48
1774206214457 0.997727632522583 49
1774206214503 0.9960725903511047 50
1774206214548 0.9977417588233948 51
1774206214584 0.9965613484382629 52
1774206214612 0.9978846311569214 53
1774206214639 0.997368574142456 54
1774206214667 0.9978290796279907 55
1774206214695 0.9898250102996826 56
1774206215987 0.8860359787940979 57
1774206216017 0.9972434639930725 58
1774206216044 0.9920929670333862 59
1774206219518 0.8610770106315613 60
1774206219742 0.9152453541755676 61
1774206219789 0.9746553301811218 62
1774206219817 0.9110592603683472 63
1774206219844 0.9974696636199951 64
1774206219873 0.9977460503578186 65
1774206219901 0.9977372884750366 66
1774206219931 0.9149650931358337 67
1774206219961 0.9118190407752991 68
1774206219988 0.9955300092697144 69
1774206220014 0.918498158454895 70
1774206220040 0.9977279901504517 71
1774206220066 0.9975585341453552 72
1774206220096 0.9523871541023254 73
1774206221963 0.8826949000358582 74
1774206222025 0.9975529313087463 75
1774206222086 0.9976726770401001 76
1774206222148 0.9974923729896545 77
1774206222186 0.9481052160263062 78
1774206222213 0.8336765170097351 79
1774206222241 0.9975247383117676 80
1774206222269 0.9973525404930115 81
1774206222297 0.9977017641067505 82
1774206222326 0.9840331673622131 83
1774206222354 0.8894447088241577 84
1774206222382 0.9974557757377625 85
1774206222411 0.9642404317855835 86
1774206222439 0.9975971579551697 87
1774206222465 0.9165010452270508 88
1774206222492 0.9975958466529846 89
1774206222517 0.9951213002204895 90
1774206222544 0.9977097511291504 91
1774206222569 0.8836585283279419 92
1774206222595 0.9975952506065369 93
1774206222621 0.9975273013114929 94
1774206222647 0.9175781607627869 95
1774206222673 0.9974567890167236 96
1774206222699 0.9974437952041626 97
1774206222724 0.9976121783256531 98
1774206222749 0.9973583817481995 99
1774206224236 0.9091969132423401 100
1774206224264 0.9847490191459656 101
1774206225972 0.8482523560523987 102
1774206226032 0.997282087802887 103
1774206226089 0.9792970418930054 104
1774206226143 0.9216328263282776 105
1774206226182 0.9955734014511108 106
1774206226210 0.9975875616073608 107
1774206226238 0.9423331618309021 108
1774206226266 0.9176107048988342 109
1774206226294 0.9974722862243652 110
1774206226322 0.9971955418586731 111
1774206226351 0.9944503903388977 112
1774206228039 0.8864206075668335 113
1774206228066 0.9974396228790283 114
1774206228094 0.9974302053451538 115
1774206229612 0.838166356086731 116
1774206230794 0.8680772185325623 117
1774206230856 0.9722411632537842 118
1774206232293 0.8782742023468018 119
1774206232341 0.9974414110183716 120
1774206232428 0.9975117444992065 121
1774206232518 0.9975024461746216 122
1774206232567 0.9974306225776672 123
1774206232594 0.9165590405464172 124
1774206232619 0.918836772441864 125
1774206232645 0.9953700304031372 126
1774206232671 0.997388482093811 127
1774206232696 0.970026969909668 128
1774206232723 0.995088517665863 129
1774206232749 0.997195303440094 130
1774206232775 0.9974573254585266 131
1774206232800 0.9551663994789124 132
1774206232826 0.9970694780349731 133
1774206232852 0.9974143505096436 134
1774206232878 0.9639155864715576 135
1774206232905 0.9811626076698303 136
1774206232931 0.9969185590744019 137
1774206232957 0.9968845248222351 138
1774206232983 0.9922444820404053 139
1774206233009 0.9244175553321838 140
1774206233034 0.9974349737167358 141
1774206233059 0.9422270655632019 142
1774206233084 0.9970977902412415 143
1774206235986 0.8800426721572876 144
1774206236074 0.9974080920219421 145
1774206236158 0.9973530173301697 146
1774206236188 0.9970530867576599 147
1774206236216 0.9968278408050537 148
1774206236243 0.9971850514411926 149
1774206237814 0.887944221496582 150
1774206237844 0.9971508383750916 151
1774206237873 0.9967344403266907 152
1774206237901 0.8736211061477661 153
1774206237928 0.9969947934150696 154
1774206237957 0.916865348815918 155
1774206237984 0.9971782565116882 156
1774206238010 0.9971398711204529 157
1774206238037 0.9953322410583496 158
1774206238063 0.9967369437217712 159
1774206238089 0.9966153502464294 160
1774206238114 0.9970107674598694 161
1774206238140 0.9950157403945923 162
1774206238166 0.9963504076004028 163
1774206238192 0.9971058368682861 164
1774206238217 0.9970514178276062 165
1774206238243 0.8915610909461975 166
1774206238269 0.8821466565132141 167
1774206238295 0.8848180770874023 168
1774206238321 0.894248366355896 169
1774206238347 0.9969395995140076 170
1774206238373 0.9001197218894958 171
1774206238398 0.9776737689971924 172
1774206238424 0.9795439839363098 173
1774206238450 0.9287472367286682 174
1774206238475 0.9222909212112427 175
1774206238501 0.996820330619812 176
1774206238528 0.9073811769485474 177
1774206238553 0.9967011213302612 178
1774206238578 0.9137603044509888 179
1774206238602 0.9968358874320984 180
1774206238627 0.9968994855880737 181
1774206238652 0.9459314346313477 182
1774206238677 0.9968809485435486 183
1774206238702 0.9962614178657532 184
1774206238728 0.9968041181564331 185
1774206238752 0.9967987537384033 186
1774206238777 0.9966893792152405 187
1774206238802 0.8719735741615295 188
1774206238828 0.996685802936554 189
1774206238853 0.9460867047309875 190
1774206238877 0.996810257434845 191
1774206238902 0.9962036609649658 192
1774206238927 0.9217134118080139 193
1774206238952 0.996673047542572 194
1774206238977 0.9964841604232788 195
1774206239001 0.9069269299507141 196
1774206239027 0.9967426657676697 197
1774206239052 0.9965863227844238 198
1774206239077 0.9963896870613098 199
1774206239103 0.9947569966316223 200
1774206240657 0.8825550079345703 201
1774206240686 0.9962058067321777 202
1774206242287 0.9060051441192627 203
1774206242341 0.9924190044403076 204
1774206242395 0.9962952136993408 205
1774206243599 0.9033446311950684 206
1774206243649 0.9966224431991577 207
1774206243698 0.9956542253494263 208
1774206243747 0.9712756276130676 209
1774206243786 0.9947032332420349 210
1774206243821 0.9898303151130676 211
1774206243856 0.9168705344200134 212
1774206243889 0.9964118003845215 213
1774206243922 0.9214310646057129 214
1774206243956 0.9963936805725098 215
1774206243981 0.9962626695632935 216
1774206244007 0.9502888321876526 217
1774206244034 0.9938859939575195 218
1774206244060 0.9959315657615662 219
1774206245286 0.8590524196624756 220
1774206245316 0.9954943656921387 221
1774206245343 0.9962894320487976 222
1774206245372 0.9209038019180298 223
1774206245400 0.9960767030715942 224
1774206245428 0.9961777925491333 225
1774206245455 0.9963605999946594 226
1774206246640 0.8542692065238953 227
1774206246668 0.9845326542854309 228
1774206246696 0.9960938096046448 229
1774206246723 0.9919400215148926 230
1774206246749 0.9961502552032471 231
1774206246776 0.9954891800880432 232
1774206246803 0.9829525947570801 233
1774206246829 0.9873058795928955 234
1774206248266 0.8395411372184753 235
1774206248305 0.9961907863616943 236
1774206248342 0.9864330887794495 237
1774206248381 0.9961423873901367 238
1774206248419 0.9954149723052979 239
1774206248457 0.995041012763977 240
1774206248492 0.9950634241104126 241
1774206248530 0.9428238272666931 242
1774206248565 0.9957832098007202 243
1774206248592 0.9958599209785461 244
1774206248618 0.9228612184524536 245
1774206248644 0.9315792322158813 246
1774206248670 0.9960029125213623 247
1774206248696 0.9958410263061523 248
1774206248722 0.9953633546829224 249
1774206249952 0.8571404218673706 250
1774206249981 0.9958529472351074 251
1774206251314 0.8613666892051697 252
1774206251360 0.9061665534973145 253
1774206251405 0.995686411857605 254
1774206251450 0.8706338405609131 255
1774206251496 0.9958327412605286 256
1774206251541 0.9646543264389038 257
1774206251574 0.9951618909835815 258
1774206251601 0.990085244178772 259
1774206251629 0.9953770041465759 260
1774206251656 0.9956529140472412 261
1774206251684 0.9956873059272766 262
1774206251712 0.9953120350837708 263
1774206251740 0.9954261183738708 264
1774206251768 0.9956763386726379 265
1774206251794 0.995539665222168 266
1774206251820 0.9958083629608154 267
1774206251849 0.9953247308731079 268
1774206251876 0.9604895710945129 269
1774206251903 0.9818375110626221 270
1774206251930 0.9955266714096069 271
1774206251955 0.8790043592453003 272
1774206251981 0.9945116639137268 273
1774206252006 0.991716742515564 274
1774206252033 0.9214047789573669 275
1774206252059 0.9026491045951843 276
1774206252085 0.9952053427696228 277
1774206252110 0.8953062295913696 278
1774206252135 0.9587482810020447 279
1774206252161 0.9953776001930237 280
1774206252186 0.9076630473136902 281
1774206252211 0.995514988899231 282
1774206252236 0.9921046495437622 283
1774206252260 0.9952428340911865 284
1774206252285 0.9951443076133728 285
1774206252310 0.8696192502975464 286
1774206252335 0.9634321331977844 287
1774206252360 0.9953110218048096 288
1774206252384 0.9795302748680115 289
1774206252409 0.9951065182685852 290
1774206252434 0.9950573444366455 291
1774206252459 0.9949132800102234 292
1774206252484 0.9586566090583801 293
1774206252509 0.9946354031562805 294
1774206252533 0.9036969542503357 295
1774206252558 0.9937169551849365 296
1774206252584 0.9951053857803345 297
1774206252608 0.9337612390518188 298
1774206252633 0.994935929775238 299
1774206252659 0.9916899800300598 300
1774206252685 0.9948142170906067 301
1774206252711 0.9943923354148865 302
1774206252736 0.9900468587875366 303
1774206252760 0.9860410690307617 304
1774206252785 0.9936719536781311 305
1774206252811 0.9376271963119507 306
1774206252836 0.9945502877235413 307
1774206254325 0.8178204298019409 308
1774206254353 0.9944536089897156 309
1774206254379 0.9932155013084412 310
1774206254407 0.9941348433494568 311
1774206254434 0.9944804310798645 312
1774206254462 0.9306415915489197 313
1774206255692 0.8789173364639282 314
1774206255720 0.9937272667884827 315
1774206255747 0.9942073225975037 316
1774206255775 0.982848584651947 317
1774206256924 0.8750916123390198 318
1774206256965 0.9943094849586487 319
1774206257009 0.9428312182426453 320
1774206257052 0.9939355850219727 321
1774206257098 0.9927979111671448 322
1774206257140 0.993757426738739 323
1774206257173 0.9194965958595276 324
1774206257199 0.993914008140564 325
1774206257227 0.9936860799789429 326
1774206257255 0.9930813908576965 327
1774206257282 0.9936375021934509 328
1774206257309 0.9937745928764343 329
1774206258554 0.8353574275970459 330
1774206259899 0.8832212686538696 331
1774206259951 0.9934749007225037 332
1774206260003 0.9306259155273438 333
1774206260056 0.9205699563026428 334
1774206260107 0.9705746173858643 335
1774206260156 0.9138451814651489 336
1774206260185 0.9851188063621521 337
1774206260213 0.9927170276641846 338
1774206260241 0.9929007887840271 339
1774206260269 0.9931493401527405 340
1774206261547 0.8881016373634338 341
1774206263323 0.8713318109512329 342
1774206263383 0.9204118847846985 343
1774206263442 0.9752062559127808 344
1774206263505 0.9517642259597778 345
1774206264901 0.8695971369743347 346
1774206264931 0.9917464852333069 347
1774206264961 0.9060133099555969 348
1774206264990 0.9254040122032166 349
1774206265020 0.9928343892097473 350
1774206265051 0.9927681684494019 351
1774206265080 0.992302656173706 352
1774206265108 0.8769473433494568 353
1774206265136 0.992361307144165 354
1774206265163 0.8996945023536682 355
1774206265189 0.9274675846099854 356
1774206265216 0.9921742081642151 357
1774206265241 0.9918763637542725 358
1774206265267 0.9908934235572815 359
1774206265293 0.9879488945007324 360
1774206265320 0.8913007974624634 361
1774206265346 0.9816266298294067 362
1774206265372 0.8456805348396301 363
1774206265398 0.9918301701545715 364
1774206265424 0.9915276169776917 365
1774206265450 0.871039628982544 366
1774206265476 0.9914981722831726 367
1774206265503 0.9348787069320679 368
1774206265529 0.9913792610168457 369
1774206265555 0.8739363551139832 370
1774206265580 0.9904189109802246 371
1774206265606 0.9907168745994568 372
1774206265631 0.9878402948379517 373
1774206265655 0.990080714225769 374
1774206265680 0.9911612868309021 375
1774206265706 0.9071405529975891 376
1774206265732 0.9626546502113342 377
1774206265759 0.8890488147735596 378
1774206265786 0.8455289602279663 379
1774206265811 0.9552273154258728 380
1774206265836 0.990768551826477 381
1774206265861 0.8733014464378357 382
1774206265886 0.8814489245414734 383
1774206265912 0.9877608418464661 384
1774206265936 0.9892071485519409 385
1774206265960 0.9341105222702026 386
1774206265985 0.9826511144638062 387
1774206266011 0.9898953437805176 388
1774206266047 0.9904890060424805 389
1774206266071 0.9789885878562927 390
1774206266096 0.8841155767440796 391
1774206266126 0.9725221991539001 392
1774206266151 0.9901178479194641 393
1774206266177 0.990143895149231 394
1774206266202 0.9458255171775818 395
1774206266227 0.9887838363647461 396
1774206266252 0.9900206923484802 397
1774206266277 0.9067689776420593 398
1774206266301 0.8909570574760437 399
1774206266327 0.9899052381515503 400
1774206266355 0.9787881374359131 401
1774206266380 0.9324231743812561 402
1774206266404 0.986002504825592 403
1774206266431 0.940039873123169 404
1774206266458 0.9899243116378784 405
1774206266483 0.9892637133598328 406
1774206266508 0.9458351731300354 407
1774206266532 0.9805154800415039 408
1774206267874 0.8355326056480408 409
1774206267902 0.9887445569038391 410
1774206267929 0.9890479445457458 411
1774206267956 0.9892762899398804 412
1774206299474 0.9009458422660828 413
1774206299680 0.9877594709396362 414
1774206299758 0.9890746474266052 415
1774206299787 0.9652265906333923 416
1774206299815 0.9866407513618469 417
1774206299843 0.988941490650177 418
1774206299871 0.9460219144821167 419
1774206299899 0.9871142506599426 420
1774206299926 0.9887197613716125 421
1774206301616 0.886326789855957 422
1774206303467 0.8624056577682495 423
1774206305288 0.8923275470733643 424
1774206305411 0.9352257251739502 425
1774206305524 0.988154411315918 426
1774206305564 0.9875565767288208 427
1774206307014 0.9008970260620117 428
1774206307045 0.9880321621894836 429
1774206308559 0.8739628791809082 430
1774206308614 0.9779390096664429 431
1774206310193 0.8190016746520996 432
1774206310238 0.9872739911079407 433
1774206310282 0.986708402633667 434
1774206310327 0.9875061511993408 435
1774206310366 0.8812366724014282 436
1774206310400 0.9864717125892639 437
1774206310433 0.8714753985404968 438
1774206310465 0.9875438213348389 439
1774206310498 0.9380563497543335 440
1774206310531 0.9870731830596924 441
1774206310558 0.9869239330291748 442
1774206310584 0.782490074634552 443
1774206310609 0.9868745803833008 444
1774206310635 0.9871652126312256 445
1774206310662 0.846207320690155 446
1774206310688 0.9860131740570068 447
1774206310714 0.965255856513977 448
1774206310740 0.9786352515220642 449
1774206310766 0.8277716040611267 450
1774206310792 0.8352376222610474 451
1774206310818 0.8762648701667786 452
1774206310844 0.9854888916015625 453
1774206310870 0.9854718446731567 454
1774206310896 0.9854039549827576 455
1774206310921 0.8885671496391296 456
1774206310946 0.9691227674484253 457
1774206310971 0.9114386439323425 458
1774206310996 0.968328058719635 459
1774206311022 0.9865769147872925 460
1774206311047 0.9628537893295288 461
1774206311072 0.9355683922767639 462
1774206311098 0.9861525297164917 463
1774206311123 0.9867312908172607 464
1774206311147 0.9116936326026917 465
1774206311172 0.984788715839386 466
1774206311199 0.9858982563018799 467
1774206311223 0.9864180684089661 468
1774206311247 0.9263424873352051 469
1774206311274 0.9107245802879333 470
1774206311301 0.932403028011322 471
1774206311327 0.9847618341445923 472
1774206311352 0.9304385185241699 473
1774206311377 0.9861060380935669 474
1774206311402 0.9858930706977844 475
1774206311427 0.8983074426651001 476
1774206311452 0.985657811164856 477
1774206311477 0.9282137751579285 478
1774206311502 0.9772066473960876 479
1774206311527 0.9856749773025513 480
1774206311552 0.9855310320854187 481
1774206311577 0.985245943069458 482
1774206311603 0.9726577997207642 483
1774206311628 0.98486328125 484
1774206311653 0.9854137897491455 485
1774206311680 0.9799664616584778 486
1774206311705 0.9830867052078247 487
1774206311749 0.984947144985199 488
1774206311774 0.9848476648330688 489
1774206311799 0.9424927830696106 490
1774206311825 0.9836857318878174 491
1774206311853 0.9833411574363708 492
1774206311879 0.8198028802871704 493
1774206311903 0.9838035702705383 494
1774206311928 0.9831939935684204 495
1774206311953 0.9036048054695129 496
1774206311977 0.8326378464698792 497
1774206312001 0.9833810925483704 498
1774206312027 0.9836357831954956 499
1774206204840 0.9983142614364624 0
