1774206204836 0.9333333333333333 0
1774206204944 0.9833333333333333 1
1774206204972 -0.8166666666666667 2
1774206204999 0.9833333333333333 3
1774206205026 0.95 4
1774206205053 0.26666666666666666 5
1774206205081 0.9833333333333333 6
1774206205108 0.9666666666666667 7
1774206205136 0.9333333333333333 8
1774206205163 0.9666666666666667 9
1774206207610 5.266666666666667 10
1774206207641 0.95 11
1774206207669 0.9666666666666667 12
1774206207698 0.8145833333333333 13
1774206207727 0.95 14
1774206207755 0.9333333333333333 15
1774206207783 0.6833333333333333 16
1774206207809 0.9166666666666666 17
1774206207835 0.9333333333333333 18
1774206207861 0.9333333333333333 19
1774206207887 -0.21666666666666667 20
1774206207913 0.9833333333333333 21
1774206207939 0.95 22
1774206207965 0.95 23
1774206207991 0.9666666666666667 24
1774206208018 0.8833333333333333 25
1774206208044 0.55 26
1774206208071 0.9833333333333333 27
1774206209632 3.4479166666666665 28
1774206209660 1.0 29
1774206209687 0.9833333333333333 30
1774206209713 0.9833333333333333 31
1774206211120 5.85 32
1774206211158 0.23333333333333334 33
1774206211197 0.9 34
1774206211235 0.9833333333333333 35
1774206211274 1.0 36
1774206211314 0.26666666666666666 37
1774206211351 0.95 38
1774206211381 0.9666666666666667 39
1774206211406 3.3125 40
1774206211433 0.9833333333333333 41
1774206212895 -1.8 42
1774206212922 7.083333333333333 43
1774206212950 1.0 44
1774206212976 1.0 45
1774206213003 0.9333333333333333 46
1774206214360 3.8875 47
1774206214406 0.75 48
1774206214453 0.9833333333333333 49
1774206214499 0.9 50
1774206214545 0.9833333333333333 51
1774206214581 0.9666666666666667 52
1774206214609 0.9666666666666667 53
1774206214636 0.9666666666666667 54
1774206214664 0.9833333333333333 55
1774206214691 0.8666666666666667 56
1774206215983 2.847916666666667 57
1774206216013 0.8666666666666667 58
1774206216040 0.85 59
1774206219513 0.6458333333333334 60
1774206219739 3.1645833333333333 61
1774206219786 0.5666666666666667 62
1774206219814 -1.0166666666666666 63
1774206219841 0.9333333333333333 64
1774206219870 0.9666666666666667 65
1774206219898 1.0 66
1774206219927 6.7875 67
1774206219957 -3.066666666666667 68
1774206219984 0.9166666666666666 69
1774206220011 3.24375 70
1774206220037 0.9333333333333333 71
1774206220063 0.9 72
1774206220089 0.31666666666666665 73
1774206221960 3.995833333333333 74
1774206222021 0.9666666666666667 75
1774206222082 0.9666666666666667 76
1774206222145 0.9666666666666667 77
1774206222182 0.3 78
1774206222210 -3.060416666666667 79
1774206222238 1.0 80
1774206222266 0.95 81
1774206222294 0.95 82
1774206222323 0.7833333333333333 83
1774206222351 6.822916666666667 84
1774206222379 0.9666666666666667 85
1774206222408 0.83125 86
1774206222435 0.9666666666666667 87
1774206222462 -0.9333333333333333 88
1774206222489 0.9666666666666667 89
1774206222514 0.9333333333333333 90
1774206222540 0.9833333333333333 91
1774206222566 4.283333333333333 92
1774206222592 0.95 93
1774206222618 0.9833333333333333 94
1774206222644 3.2979166666666666 95
1774206222670 0.9833333333333333 96
1774206222696 0.9666666666666667 97
1774206222721 0.9666666666666667 98
1774206222746 0.95 99
1774206224232 1.4270833333333333 100
1774206224261 0.8166666666666667 101
1774206225968 5.345833333333333 102
1774206226027 0.9666666666666667 103
1774206226085 0.7166666666666667 104
1774206226140 3.7583333333333333 105
1774206226179 0.9833333333333333 106
1774206226207 1.0 107
1774206226235 -0.03333333333333333 108
1774206226263 2.6625 109
1774206226291 0.9 110
1774206226319 0.9666666666666667 111
1774206226347 0.8666666666666667 112
1774206228035 -1.55 113
1774206228063 0.9666666666666667 114
1774206228090 0.9833333333333333 115
1774206229609 -2.9833333333333334 116
1774206230791 3.3979166666666667 117
1774206230852 0.35 118
1774206232290 -3.316666666666667 119
1774206232338 0.9833333333333333 120
1774206232425 0.9333333333333333 121
1774206232515 0.9833333333333333 122
1774206232563 0.95 123
1774206232590 -0.4666666666666667 124
1774206232616 7.635416666666667 125
1774206232641 0.95 126
1774206232667 0.9833333333333333 127
1774206232693 0.5333333333333333 128
1774206232720 0.8666666666666667 129
1774206232746 0.95 130
1774206232772 0.9333333333333333 131
1774206232797 0.1 132
1774206232823 0.95 133
1774206232849 0.9833333333333333 134
1774206232875 0.5 135
1774206232901 0.7333333333333333 136
1774206232928 0.9666666666666667 137
1774206232954 0.9166666666666666 138
1774206232980 0.85 139
1774206233006 2.85 140
1774206233031 0.9666666666666667 141
1774206233056 -1.8 142
1774206233081 0.9333333333333333 143
1774206235983 -1.5833333333333333 144
1774206236070 0.9666666666666667 145
1774206236155 0.9333333333333333 146
1774206236184 1.0 147
1774206236213 0.8666666666666667 148
1774206236240 0.95 149
1774206237810 1.23125 150
1774206237840 0.95 151
1774206237869 0.9666666666666667 152
1774206237897 4.34375 153
1774206237925 0.9333333333333333 154
1774206237953 4.529166666666667 155
1774206237980 1.0 156
1774206238006 0.95 157
1774206238034 0.9166666666666666 158
1774206238060 0.95 159
1774206238085 0.95 160
1774206238111 0.9833333333333333 161
1774206238137 0.9 162
1774206238163 0.9 163
1774206238188 0.9833333333333333 164
1774206238214 0.9166666666666666 165
1774206238240 0.07083333333333333 166
1774206238266 1.7270833333333333 167
1774206238292 -0.8833333333333333 168
1774206238318 -3.45 169
1774206238344 0.9166666666666666 170
1774206238369 -0.8666666666666667 171
1774206238395 0.5833333333333334 172
1774206238421 0.6666666666666666 173
1774206238446 2.225 174
1774206238472 -3.7 175
1774206238498 0.9666666666666667 176
1774206238524 6.414583333333334 177
1774206238549 0.95 178
1774206238574 1.5791666666666666 179
1774206238599 1.0 180
1774206238624 0.9666666666666667 181
1774206238649 0.25833333333333336 182
1774206238674 0.95 183
1774206238699 0.9666666666666667 184
1774206238725 0.9833333333333333 185
1774206238749 0.9666666666666667 186
1774206238774 1.0 187
1774206238799 4.075 188
1774206238825 0.9166666666666666 189
1774206238850 -0.16666666666666666 190
1774206238874 0.9333333333333333 191
1774206238899 0.95 192
1774206238923 3.3 193
1774206238949 0.9 194
1774206238973 0.9 195
1774206238998 3.691666666666667 196
1774206239024 0.9666666666666667 197
1774206239049 0.9333333333333333 198
1774206239074 0.9833333333333333 199
1774206239099 0.9666666666666667 200
1774206240653 0.94375 201
1774206240683 0.9833333333333333 202
1774206242284 3.535416666666667 203
1774206242338 0.95 204
1774206242392 0.9166666666666666 205
1774206243595 3.00625 206
1774206243646 0.9333333333333333 207
1774206243695 0.9166666666666666 208
1774206243743 0.38333333333333336 209
1774206243783 0.9833333333333333 210
1774206243818 0.8666666666666667 211
1774206243852 4.452083333333333 212
1774206243886 0.9 213
1774206243919 3.5395833333333333 214
1774206243952 0.9666666666666667 215
1774206243977 0.95 216
1774206244004 -1.2666666666666666 217
1774206244031 0.9166666666666666 218
1774206244056 0.95 219
1774206245283 3.0458333333333334 220
1774206245312 0.8666666666666667 221
1774206245340 0.8833333333333333 222
1774206245368 2.7729166666666667 223
1774206245396 0.95 224
1774206245425 0.9166666666666666 225
1774206245451 0.9333333333333333 226
1774206246637 2.716666666666667 227
1774206246665 0.7833333333333333 228
1774206246693 0.9166666666666666 229
1774206246719 0.8166666666666667 230
1774206246746 0.95 231
1774206246773 0.9333333333333333 232
1774206246799 0.7666666666666667 233
1774206246826 0.7666666666666667 234
1774206248262 -2.8833333333333333 235
1774206248302 0.9666666666666667 236
1774206248339 0.7666666666666667 237
1774206248378 0.9833333333333333 238
1774206248416 0.9166666666666666 239
1774206248453 0.9333333333333333 240
1774206248489 0.9166666666666666 241
1774206248527 0.3375 242
1774206248562 0.9333333333333333 243
1774206248588 0.9166666666666666 244
1774206248614 2.6354166666666665 245
1774206248640 -0.23333333333333334 246
1774206248666 0.95 247
1774206248693 0.9333333333333333 248
1774206248719 0.9 249
1774206249949 4.091666666666667 250
1774206249978 0.9 251
1774206251310 4.2 252
1774206251357 1.0541666666666667 253
1774206251401 0.9833333333333333 254
1774206251446 4.439583333333333 255
1774206251493 0.9333333333333333 256
1774206251537 0.7208333333333333 257
1774206251571 0.9 258
1774206251598 0.9 259
1774206251626 0.9333333333333333 260
1774206251653 0.8833333333333333 261
1774206251681 0.9333333333333333 262
1774206251709 0.9 263
1774206251737 0.9166666666666666 264
1774206251764 0.85 265
1774206251791 0.95 266
1774206251817 0.9333333333333333 267
1774206251846 0.85 268
1774206251873 0.5333333333333333 269
1774206251899 0.7333333333333333 270
1774206251926 0.9333333333333333 271
1774206251952 0.8041666666666667 272
1774206251978 0.8833333333333333 273
1774206252003 0.9333333333333333 274
1774206252030 2.089583333333333 275
1774206252056 -3.4833333333333334 276
1774206252082 0.8666666666666667 277
1774206252107 3.595833333333333 278
1774206252132 0.3 279
1774206252158 0.8833333333333333 280
1774206252183 2.3020833333333335 281
1774206252208 0.9 282
1774206252233 0.8833333333333333 283
1774206252257 0.95 284
1774206252282 0.9333333333333333 285
1774206252307 -1.3333333333333333 286
1774206252332 0.21666666666666667 287
1774206252356 0.9333333333333333 288
1774206252381 0.6833333333333333 289
1774206252406 0.9 290
1774206252431 0.9333333333333333 291
1774206252456 0.9166666666666666 292
1774206252481 0.08333333333333333 293
1774206252506 0.9333333333333333 294
1774206252530 3.7625 295
1774206252555 0.85 296
1774206252581 0.8833333333333333 297
1774206252605 -0.016666666666666666 298
1774206252630 0.9333333333333333 299
1774206252655 0.9333333333333333 300
1774206252682 0.95 301
1774206252707 0.9166666666666666 302
1774206252732 0.8166666666666667 303
1774206252757 0.8333333333333334 304
1774206252782 0.9 305
1774206252808 -0.31666666666666665 306
1774206252833 0.9333333333333333 307
1774206254321 -2.2333333333333334 308
1774206254349 0.9333333333333333 309
1774206254376 0.85 310
1774206254403 0.95 311
1774206254431 0.9 312
1774206254459 -2.48125 313
1774206255688 1.1583333333333334 314
1774206255716 0.9333333333333333 315
1774206255744 0.9666666666666667 316
1774206255772 0.7333333333333333 317
1774206256920 6.425 318
1774206256962 0.9833333333333333 319
1774206257006 0.08125 320
1774206257049 0.8666666666666667 321
1774206257094 0.9333333333333333 322
1774206257136 0.8833333333333333 323
1774206257169 2.5541666666666667 324
1774206257196 0.8833333333333333 325
1774206257223 0.9333333333333333 326
1774206257251 0.7666666666666667 327
1774206257278 0.8666666666666667 328
1774206257305 0.9333333333333333 329
1774206258551 -2.9291666666666667 330
1774206259896 -0.9333333333333333 331
1774206259948 0.9166666666666666 332
1774206260000 -0.03333333333333333 333
1774206260053 3.0708333333333333 334
1774206260104 0.3333333333333333 335
1774206260153 0.9291666666666667 336
1774206260182 0.8333333333333334 337
1774206260210 0.8666666666666667 338
1774206260238 0.9 339
1774206260266 0.9166666666666666 340
1774206261543 3.870833333333333 341
1774206263319 1.1270833333333334 342
1774206263380 3.0145833333333334 343
1774206263439 0.6833333333333333 344
1774206263502 0.11666666666666667 345
1774206264898 -1.6833333333333333 346
1774206264928 0.8 347
1774206264958 3.09375 348
1774206264987 3.975 349
1774206265017 0.9 350
1774206265048 0.9 351
1774206265076 0.9333333333333333 352
1774206265105 4.235416666666667 353
1774206265133 0.95 354
1774206265160 3.3291666666666666 355
1774206265186 -1.0333333333333334 356
1774206265212 0.85 357
1774206265238 0.9 358
1774206265264 0.7833333333333333 359
1774206265290 0.7833333333333333 360
1774206265316 2.35625 361
1774206265342 0.8333333333333334 362
1774206265369 3.55625 363
1774206265395 0.85 364
1774206265420 0.85 365
1774206265446 0.7166666666666667 366
1774206265473 0.9333333333333333 367
1774206265499 -0.1 368
1774206265525 0.85 369
1774206265551 4.679166666666666 370
1774206265577 0.8833333333333333 371
1774206265603 0.85 372
1774206265628 0.7666666666666667 373
1774206265652 0.8166666666666667 374
1774206265677 0.9166666666666666 375
1774206265702 1.0458333333333334 376
1774206265728 0.11666666666666667 377
1774206265756 1.8895833333333334 378
1774206265782 5.566666666666666 379
1774206265808 0.23333333333333334 380
1774206265833 0.9333333333333333 381
1774206265858 -2.5 382
1774206265882 3.93125 383
1774206265909 0.7833333333333333 384
1774206265933 0.8333333333333334 385
1774206265957 -0.05 386
1774206265982 0.75 387
1774206266008 0.85 388
1774206266043 0.9666666666666667 389
1774206266068 0.75 390
1774206266093 -1.8666666666666667 391
1774206266122 0.45 392
1774206266148 0.8 393
1774206266174 0.8666666666666667 394
1774206266199 -0.06666666666666667 395
1774206266224 0.8 396
1774206266249 0.7666666666666667 397
1774206266273 1.3708333333333333 398
1774206266298 2.1708333333333334 399
1774206266323 0.8166666666666667 400
1774206266351 0.48333333333333334 401
1774206266377 -0.17916666666666667 402
1774206266401 0.7 403
1774206266426 0.05 404
1774206266455 0.85 405
1774206266479 0.85 406
1774206266505 0.45 407
1774206266529 0.7333333333333333 408
1774206267870 5.466666666666667 409
1774206267898 0.85 410
1774206267926 0.7166666666666667 411
1774206267953 0.8666666666666667 412
1774206299471 1.1770833333333333 413
1774206299677 0.8 414
1774206299755 0.7833333333333333 415
1774206299783 0.36666666666666664 416
1774206299812 0.75 417
1774206299840 0.8 418
1774206299868 0.05 419
1774206299895 0.7666666666666667 420
1774206299923 0.8666666666666667 421
1774206301612 3.3270833333333334 422
1774206303464 0.7291666666666666 423
1774206305284 -0.8833333333333333 424
1774206305407 -0.23333333333333334 425
1774206305520 0.8666666666666667 426
1774206305561 0.7166666666666667 427
1774206307011 1.5458333333333334 428
1774206307042 0.8166666666666667 429
1774206308556 3.6875 430
1774206308610 0.5333333333333333 431
1774206310189 -3.05 432
1774206310234 0.7 433
1774206310279 0.7166666666666667 434
1774206310324 0.9333333333333333 435
1774206310362 5.74375 436
1774206310397 0.7833333333333333 437
1774206310430 -1.45 438
1774206310462 0.8 439
1774206310495 -0.16666666666666666 440
1774206310528 0.8333333333333334 441
1774206310555 0.85 442
1774206310581 -5.45 443
1774206310606 0.6 444
1774206310632 0.9166666666666666 445
1774206310659 0.9083333333333333 446
1774206310685 0.8166666666666667 447
1774206310711 0.31666666666666665 448
1774206310737 0.6833333333333333 449
1774206310763 -3.5145833333333334 450
1774206310789 5.704166666666667 451
1774206310815 -1.65 452
1774206310841 0.7833333333333333 453
1774206310867 0.7666666666666667 454
1774206310893 0.75 455
1774206310918 2.0416666666666665 456
1774206310943 0.5833333333333334 457
1774206310968 2.4604166666666667 458
1774206310993 0.25 459
1774206311018 0.8 460
1774206311044 0.38333333333333336 461
1774206311069 -0.3333333333333333 462
1774206311094 0.8166666666666667 463
1774206311119 0.8333333333333334 464
1774206311144 2.6479166666666667 465
1774206311169 0.75 466
1774206311195 0.75 467
1774206311220 0.8333333333333334 468
1774206311244 -0.3 469
1774206311270 1.2354166666666666 470
1774206311297 0.03958333333333333 471
1774206311323 0.6666666666666666 472
1774206311349 -0.2 473
1774206311374 0.8166666666666667 474
1774206311399 0.8333333333333334 475
1774206311424 -0.6 476
1774206311449 0.8 477
1774206311473 -0.11666666666666667 478
1774206311499 0.6666666666666666 479
1774206311524 0.8666666666666667 480
1774206311549 0.8333333333333334 481
1774206311574 0.75 482
1774206311600 0.43333333333333335 483
1774206311625 0.7333333333333333 484
1774206311650 0.8333333333333334 485
1774206311676 0.75 486
1774206311702 0.75 487
1774206311728 0.6666666666666666 488
1774206311771 0.7666666666666667 489
1774206311796 0.05 490
1774206311822 0.6833333333333333 491
1774206311846 0.8 492
1774206311875 -4.783333333333333 493
1774206311900 0.9166666666666666 494
1774206311925 0.7666666666666667 495
1774206311949 -0.7 496
1774206311974 5.464583333333334 497
1774206311998 0.6666666666666666 498
1774206312024 0.8333333333333334 499
1774206204836 0.9333333333333333 0
