1774206204859 0.48117226362228394 0
1774206204953 0.502553403377533 1
1774206204980 0.2518310546875 2
1774206205007 0.4927816689014435 3
1774206205034 0.4685328006744385 4
1774206205061 0.05411000922322273 5
1774206205089 0.4758074879646301 6
1774206205116 0.4634333848953247 7
1774206205143 0.4366931915283203 8
1774206205170 0.45103511214256287 9
1774206207619 119.35414123535156 10
1774206207649 0.43177536129951477 11
1774206207678 0.43456563353538513 12
1774206207706 0.3344029486179352 13
1774206207735 0.41752806305885315 14
1774206207764 0.4008159935474396 15
1774206207791 0.22287195920944214 16
1774206207817 0.3779016137123108 17
1774206207843 0.37912192940711975 18
1774206207869 0.3721448481082916 19
1774206207895 0.012255964800715446 20
1774206207921 0.4004095792770386 21
1774206207947 0.35668960213661194 22
1774206207973 0.363546758890152 23
1774206207998 0.3697853088378906 24
1774206208026 0.31828802824020386 25
1774206208053 0.1100226491689682 26
1774206208079 0.36116155982017517 27
1774206209641 91.43665313720703 28
1774206209668 0.3612521290779114 29
1774206209694 0.34277650713920593 30
1774206209721 0.33871781826019287 31
1774206211128 126.83705139160156 32
1774206211167 0.0025652095209807158 33
1774206211205 0.2669612169265747 34
1774206211244 0.31745806336402893 35
1774206211282 0.3210802376270294 36
1774206211321 0.010554736480116844 37
1774206211359 0.287307471036911 38
1774206211389 0.28909793496131897 39
1774206211414 5.27583122253418 40
1774206211441 0.28882330656051636 41
1774206212903 33.473812103271484 42
1774206212930 25.437843322753906 43
1774206212957 0.28045251965522766 44
1774206212984 0.2728957235813141 45
1774206213011 0.23768825829029083 46
1774206214368 98.0075912475586 47
1774206214415 0.14348861575126648 48
1774206214463 0.24715113639831543 49
1774206214507 0.20284010469913483 50
1774206214553 0.23824016749858856 51
1774206214589 0.23126371204853058 52
1774206214616 0.2183147370815277 53
1774206214644 0.21852551400661469 54
1774206214672 0.21828117966651917 55
1774206214700 0.16158467531204224 56
1774206215993 81.36990356445312 57
1774206216022 0.15956732630729675 58
1774206216049 0.16112950444221497 59
1774206219524 56.02785873413086 60
1774206219749 4.571866035461426 61
1774206219794 0.04137019068002701 62
1774206219822 0.6837103962898254 63
1774206219849 0.1611795425415039 64
1774206219878 0.1668987274169922 65
1774206219906 0.17500697076320648 66
1774206219936 23.009620666503906 67
1774206219966 5.122628688812256 68
1774206219992 0.136679545044899 69
1774206220019 5.010277271270752 70
1774206220045 0.13970640301704407 71
1774206220070 0.12436853349208832 72
1774206220102 -0.008079113438725471 73
1774206221968 97.94729614257812 74
1774206222029 0.13769324123859406 75
1774206222091 0.1362888067960739 76
1774206222153 0.13591553270816803 77
1774206222190 -0.008906553499400616 78
1774206222218 4.914217948913574 79
1774206222246 0.13899141550064087 80
1774206222274 0.12224459648132324 81
1774206222302 0.11709169298410416 82
1774206222331 0.06544815748929977 83
1774206222360 22.337759017944336 84
1774206222389 0.11639073491096497 85
1774206222416 0.09687956422567368 86
1774206222443 0.11088530719280243 87
1774206222471 0.71299147605896 88
1774206222497 0.10650870949029922 89
1774206222522 0.09889382869005203 90
1774206222548 0.10608646273612976 91
1774206222574 8.985301971435547 92
1774206222600 0.09244676679372787 93
1774206222626 0.09962952882051468 94
1774206222652 4.480254173278809 95
1774206222678 0.09685822576284409 96
1774206222704 0.09122085571289062 97
1774206222728 0.0857529491186142 98
1774206222753 0.08213912695646286 99
1774206224242 62.39236831665039 100
1774206224268 0.04894693195819855 101
1774206225977 117.059814453125 102
1774206226038 0.07735766470432281 103
1774206226093 0.01786322519183159 104
1774206226148 6.337253093719482 105
1774206226187 0.08080866187810898 106
1774206226215 0.0718853548169136 107
1774206226243 0.08361756056547165 108
1774206226271 2.628894090652466 109
1774206226299 0.0453791543841362 110
1774206226327 0.06048036366701126 111
1774206226355 0.04055040702223778 112
1774206228044 23.70116424560547 113
1774206228071 0.05213173106312752 114
1774206228098 0.05560145527124405 115
1774206229617 33.30805206298828 116
1774206230799 87.33554077148438 117
1774206230861 0.019093232229351997 118
1774206232299 20.43939208984375 119
1774206232346 0.04807883873581886 120
1774206232433 0.037001293152570724 121
1774206232523 0.04470367729663849 122
1774206232572 0.038316041231155396 123
1774206232598 0.38056614995002747 124
1774206232624 27.878952026367188 125
1774206232649 0.036966774612665176 126
1774206232675 0.03995977342128754 127
1774206232701 -0.003748346585780382 128
1774206232728 0.019532496109604836 129
1774206232754 0.031437549740076065 130
1774206232779 0.026962317526340485 131
1774206232805 0.10045450925827026 132
1774206232832 0.02852509543299675 133
1774206232857 0.03194781765341759 134
1774206232883 0.0027720145881175995 135
1774206232909 0.0014554212102666497 136
1774206232936 0.029152866452932358 137
1774206232962 0.02185952663421631 138
1774206232988 0.01268757414072752 139
1774206233014 3.0324745178222656 140
1774206233039 0.023409588262438774 141
1774206233064 2.7569870948791504 142
1774206233089 0.01902833580970764 143
1774206235991 32.208465576171875 144
1774206236078 0.020014742389321327 145
1774206236163 0.015086953528225422 146
1774206236192 0.025340843945741653 147
1774206236221 0.007445571944117546 148
1774206236248 0.014972896315157413 149
1774206237819 59.958892822265625 150
1774206237848 0.013783193193376064 151
1774206237877 0.015866361558437347 152
1774206237905 8.768111228942871 153
1774206237933 0.009257727302610874 154
1774206237961 8.382814407348633 155
1774206237988 0.014320151880383492 156
1774206238015 0.008182613179087639 157
1774206238042 0.005788879469037056 158
1774206238067 0.007895088754594326 159
1774206238093 0.006593158468604088 160
1774206238119 0.00916597992181778 161
1774206238145 0.003693551057949662 162
1774206238171 0.0034964371006935835 163
1774206238196 0.006481323391199112 164
1774206238222 0.0015932800015434623 165
1774206238248 0.08404099941253662 166
1774206238274 0.9026294350624084 167
1774206238300 0.9256071448326111 168
1774206238326 7.4965500831604 169
1774206238351 0.0007934966124594212 170
1774206238377 0.9992678761482239 171
1774206238403 0.021643348038196564 172
1774206238429 0.0041130827739834785 173
1774206238454 1.4252160787582397 174
1774206238480 8.802046775817871 175
1774206238506 0.003662436967715621 176
1774206238532 18.636940002441406 177
1774206238557 0.0023628908675163984 178
1774206238582 0.5521618723869324 179
1774206238607 0.005577536765486002 180
1774206238632 0.002923758467659354 181
1774206238656 0.08774153143167496 182
1774206238681 0.0020821155048906803 183
1774206238707 0.0033847233280539513 184
1774206238733 0.003559327218681574 185
1774206238757 0.002478129230439663 186
1774206238782 0.005028638057410717 187
1774206238807 6.959327697753906 188
1774206238833 0.0001244947488885373 189
1774206238857 0.3747435212135315 190
1774206238882 0.0004146745486650616 191
1774206238907 0.0011027008295059204 192
1774206238931 4.151776313781738 193
1774206238957 -0.0007058382616378367 194
1774206238981 -0.0007119348738342524 195
1774206239007 5.3845109939575195 196
1774206239032 0.001314165536314249 197
1774206239056 0.0002769351121969521 198
1774206239082 0.0026767179369926453 199
1774206239107 0.0035205972380936146 200
1774206240664 56.05327224731445 201
1774206240691 0.0028756337705999613 202
1774206242294 86.19220733642578 203
1774206242345 0.000506970623973757 204
1774206242403 -0.000646098458673805 205
1774206243604 79.27529907226562 206
1774206243654 -0.0005072829080745578 207
1774206243703 -0.0005664249183610082 208
1774206243751 0.10136746615171432 209
1774206243792 0.0010661744745448232 210
1774206243826 -0.0005841237725690007 211
1774206243860 7.877321720123291 212
1774206243894 -0.0008655849378556013 213
1774206243927 4.432785987854004 214
1774206243960 0.00010739862045738846 215
1774206243985 -0.0002638088772073388 216
1774206244012 1.8724701404571533 217
1774206244039 -0.0006067609647288918 218
1774206244064 -4.473980516195297e-05 219
1774206245292 81.73605346679688 220
1774206245321 -0.0007735473336651921 221
1774206245348 -0.0007336632697843015 222
1774206245377 2.4788894653320312 223
1774206245405 -0.0003245832631364465 224
1774206245433 -0.0006776372902095318 225
1774206245460 -0.0006010875222273171 226
1774206246645 77.38555908203125 227
1774206246673 0.004698002710938454 228
1774206246701 -0.0006975148571655154 229
1774206246727 0.001754594617523253 230
1774206246754 -0.0003125682123936713 231
1774206246781 -0.00036097693373449147 232
1774206246807 0.00022618664661422372 233
1774206246834 0.00660013547167182 234
1774206248271 33.9365234375 235
1774206248310 0.00037317315582185984 236
1774206248347 0.0007894249865785241 237
1774206248386 0.0012604419607669115 238
1774206248424 -0.0006379943224601448 239
1774206248461 0.00040582212386652827 240
1774206248497 2.7300033252686262e-05 241
1774206248534 0.033287156373262405 242
1774206248570 4.479990457184613e-05 243
1774206248596 -0.0004925163229927421 244
1774206248622 2.0506296157836914 245
1774206248649 0.3758871555328369 246
1774206248674 0.0007258537807501853 247
1774206248700 0.00024574066628701985 248
1774206248726 -0.00038547662552446127 249
1774206249958 94.8281478881836 250
1774206249986 -0.0007189769530668855 251
1774206251320 96.9564208984375 252
1774206251365 0.11686895787715912 253
1774206251409 0.003362783696502447 254
1774206251455 8.27450942993164 255
1774206251501 4.4442189391702414e-05 256
1774206251545 -0.004252936225384474 257
1774206251579 -0.0006990085821598768 258
1774206251606 0.002747680526226759 259
1774206251634 0.0003686949785333127 260
1774206251661 -0.00126194569747895 261
1774206251689 6.583501817658544e-05 262
1774206251716 -0.0007366412319242954 263
1774206251745 -0.0005354515160433948 264
1774206251773 -0.001589637715369463 265
1774206251799 0.0005526046734303236 266
1774206251828 -0.00014342252688948065 267
1774206251855 -0.0017856679623946548 268
1774206251881 0.009693103842437267 269
1774206251907 0.0019705554004758596 270
1774206251934 0.00014494953211396933 271
1774206251960 0.07371062785387039 272
1774206251986 -0.0007012936403043568 273
1774206252011 0.002221798524260521 274
1774206252038 1.1283323764801025 275
1774206252063 7.69656229019165 276
1774206252089 -0.0014293731655925512 277
1774206252114 4.935023784637451 278
1774206252140 0.07085345685482025 279
1774206252166 -0.0010043956572189927 280
1774206252191 1.6223042011260986 281
1774206252216 -0.0006817838293500245 282
1774206252240 -0.0006347513990476727 283
1774206252265 0.0015096556162461638 284
1774206252290 0.000687722465954721 285
1774206252315 1.681408405303955 286
1774206252339 0.16397905349731445 287
1774206252364 0.0005221600877121091 288
1774206252389 0.007179821841418743 289
1774206252414 -0.000488381483592093 290
1774206252439 0.0012937586288899183 291
1774206252464 0.0007718777051195502 292
1774206252489 0.20237046480178833 293
1774206252513 0.0017980968113988638 294
1774206252538 5.376436710357666 295
1774206252563 -0.001337768160738051 296
1774206252588 -0.0008553349180147052 297
1774206252613 0.2010893076658249 298
1774206252638 0.0016852834960445762 299
1774206252664 0.0036697336472570896 300
1774206252690 0.0031256484799087048 301
1774206252715 0.0018705354304984212 302
1774206252740 -0.0019175605848431587 303
1774206252765 0.0003754413337446749 304
1774206252790 0.0012999235186725855 305
1774206252816 0.43279024958610535 306
1774206252840 0.002292830729857087 307
1774206254330 28.613889694213867 308
1774206254357 0.002226244192570448 309
1774206254384 -0.0008939618128351867 310
1774206254412 0.004049941897392273 311
1774206254439 0.0003037528367713094 312
1774206254467 4.8700151443481445 313
1774206255697 57.74208450317383 314
1774206255725 0.0032354299910366535 315
1774206255752 0.004269625060260296 316
1774206255780 -0.00137111428193748 317
1774206256929 129.71014404296875 318
1774206256970 0.005560019053518772 319
1774206257014 0.12032738327980042 320
1774206257057 -0.0009064269252121449 321
1774206257102 0.0029094002675265074 322
1774206257144 9.195064194500446e-06 323
1774206257177 1.9531513452529907 324
1774206257204 -0.0001657316170167178 325
1774206257232 0.002320617437362671 326
1774206257259 -0.002544604241847992 327
1774206257286 -0.000873767479788512 328
1774206257317 0.0022604488767683506 329
1774206258559 34.18918991088867 330
1774206259905 21.06650161743164 331
1774206259956 0.001575010595843196 332
1774206260007 0.19907906651496887 333
1774206260061 3.0865118503570557 334
1774206260112 0.08037382364273071 335
1774206260161 0.0568552240729332 336
1774206260189 -0.0006639704224653542 337
1774206260218 2.2732914658263326e-05 338
1774206260246 0.0014008180005475879 339
1774206260274 0.0019141904776915908 340
1774206261552 93.04450988769531 341
1774206263329 58.25786209106445 342
1774206263387 3.1948904991149902 343
1774206263447 0.00025432161055505276 344
1774206263509 0.14684763550758362 345
1774206264906 25.665613174438477 346
1774206264936 -0.0029140817932784557 347
1774206264966 3.5287935733795166 348
1774206264995 5.972805976867676 349
1774206265025 0.0005014023627154529 350
1774206265055 0.0004130454908590764 351
1774206265085 0.0030259874183684587 352
1774206265113 7.527444839477539 353
1774206265141 0.004057291895151138 354
1774206265168 4.246883392333984 355
1774206265194 1.2528846263885498 356
1774206265220 -0.0016335351392626762 357
1774206265246 0.0007628195453435183 358
1774206265272 -0.002987239509820938 359
1774206265298 -0.0023262971080839634 360
1774206265324 1.8038151264190674 361
1774206265350 -0.0011500390246510506 362
1774206265377 5.427889823913574 363
1774206265402 -0.0016849435633048415 364
1774206265428 -0.0016697014216333628 365
1774206265454 0.03982243686914444 366
1774206265481 0.0023776504676789045 367
1774206265507 0.29077306389808655 368
1774206265533 -0.001751623349264264 369
1774206265559 9.08547592163086 370
1774206265585 0.0005757802864536643 371
1774206265611 -0.0014369185082614422 372
1774206265635 -0.003219118807464838 373
1774206265660 -0.0024338336661458015 374
1774206265685 0.0013021854683756828 375
1774206265711 0.12052702903747559 376
1774206265738 0.20465087890625 377
1774206265764 1.0273058414459229 378
1774206265791 14.25193977355957 379
1774206265816 0.07697694003582001 380
1774206265841 0.0022917715832591057 381
1774206265865 4.256119251251221 382
1774206265891 6.721766948699951 383
1774206265916 -0.0030571953393518925 384
1774206265941 -0.0017566470196470618 385
1774206265965 0.218936026096344 386
1774206265990 -0.001558657269924879 387
1774206266025 -0.0008267670054920018 388
1774206266051 0.006278700195252895 389
1774206266076 -0.0037675700150430202 390
1774206266104 2.75820255279541 391
1774206266130 0.02614057995378971 392
1774206266155 -0.0026992002967745066 393
1774206266182 0.00024795247009024024 394
1774206266207 0.22640793025493622 395
1774206266231 -0.00188912614248693 396
1774206266256 -0.0035901893861591816 397
1774206266281 0.3760361969470978 398
1774206266306 1.5083950757980347 399
1774206266332 -0.001429019495844841 400
1774206266359 0.01003124937415123 401
1774206266385 0.2955535054206848 402
1774206266409 -0.004027161747217178 403
1774206266437 0.14988642930984497 404
1774206266463 0.0014782240614295006 405
1774206266488 0.0016417480073869228 406
1774206266512 -0.0006971555994823575 407
1774206266536 -0.0037065367214381695 408
1774206267879 116.24898529052734 409
1774206267906 0.003194081597030163 410
1774206267934 -0.004597126971930265 411
1774206267961 0.004374684765934944 412
1774206299481 57.0455207824707 413
1774206299687 -0.0001547956489957869 414
1774206299762 -0.0014001833042129874 415
1774206299791 0.03718676045536995 416
1774206299819 -0.001960642635822296 417
1774206299848 0.00010483048390597105 418
1774206299876 0.11540067940950394 419
1774206299903 -0.0013285358436405659 420
1774206299931 0.006945877335965633 421
1774206301621 83.9083480834961 422
1774206303473 54.67221450805664 423
1774206305293 20.141826629638672 424
1774206305416 0.27781787514686584 425
1774206305528 0.006650010123848915 426
1774206305569 -0.004002158530056477 427
1774206307020 61.629459381103516 428
1774206307050 0.0027260761708021164 429
1774206308564 90.75252532958984 430
1774206308620 -0.0008529332699254155 431
1774206310198 35.064510345458984 432
1774206310243 -0.004940546117722988 433
1774206310287 -0.00395016185939312 434
1774206310333 0.01612304337322712 435
1774206310371 14.75645637512207 436
1774206310405 0.0005319510237313807 437
1774206310438 1.616751790046692 438
1774206310470 0.0016083319205790758 439
1774206310503 0.27420637011528015 440
1774206310535 0.004937613848596811 441
1774206310563 0.00769877340644598 442
1774206310588 15.66490364074707 443
1774206310614 -0.006688874214887619 444
1774206310640 0.016423610970377922 445
1774206310667 0.10747522115707397 446
1774206310693 0.003858719952404499 447
1774206310719 0.04431367665529251 448
1774206310745 -0.0039433641359210014 449
1774206310770 7.218290328979492 450
1774206310797 14.937433242797852 451
1774206310823 2.0875139236450195 452
1774206310848 0.0018128084484487772 453
1774206310875 0.0014376741601154208 454
1774206310901 -0.0007666059536859393 455
1774206310926 1.3576263189315796 456
1774206310950 -0.005011884029954672 457
1774206310976 1.9647725820541382 458
1774206311001 0.05268775671720505 459
1774206311026 0.0033840565010905266 460
1774206311052 0.012229081243276596 461
1774206311077 0.28475135564804077 462
1774206311102 0.006025522481650114 463
1774206311127 0.007030270528048277 464
1774206311152 2.3240745067596436 465
1774206311177 0.00048301409697160125 466
1774206311203 -0.00048487383173778653 467
1774206311227 0.008223562501370907 468
1774206311252 0.3512599468231201 469
1774206311279 0.2992245852947235 470
1774206311306 0.10873227566480637 471
1774206311332 -0.005255207419395447 472
1774206311357 0.18803144991397858 473
1774206311382 0.0058532096445560455 474
1774206311406 0.008070463314652443 475
1774206311432 0.5302175879478455 476
1774206311456 0.004091610200703144 477
1774206311482 0.21094673871994019 478
1774206311507 -0.0038580044638365507 479
1774206311531 0.01353111956268549 480
1774206311556 0.009147838689386845 481
1774206311582 -8.645292837172747e-06 482
1774206311607 -0.002264734823256731 483
1774206311632 -0.0008540846174582839 484
1774206311658 0.009602266363799572 485
1774206311685 0.0016261334531009197 486
1774206311710 0.0016652910271659493 487
1774206311753 -0.005364658776670694 488
1774206311778 0.0016565603436902165 489
1774206311804 0.09985151141881943 490
1774206311829 -0.004177719820290804 491
1774206311857 0.006768326740711927 492
1774206311883 12.565958023071289 493
1774206311908 0.02321641519665718 494
1774206311932 0.00299668125808239 495
1774206311957 0.6305559277534485 496
1774206311981 13.772067070007324 497
1774206312006 -0.005109982565045357 498
1774206312031 0.011380283161997795 499
1774206204859 0.48117226362228394 0
