1774206204838 0.9333333333333333 0
1774206204946 0.9833333333333333 1
1774206204974 -0.8166666666666667 2
1774206205001 0.9833333333333333 3
1774206205028 0.95 4
1774206205055 0.26666666666666666 5
1774206205083 0.9833333333333333 6
1774206205111 0.9666666666666667 7
1774206205138 0.9333333333333333 8
1774206205165 0.9666666666666667 9
1774206207613 15.266666666666666 10
1774206207643 0.95 11
1774206207672 0.9666666666666667 12
1774206207701 0.8145833333333333 13
1774206207729 0.95 14
1774206207758 0.9333333333333333 15
1774206207785 0.6833333333333333 16
1774206207811 0.9166666666666666 17
1774206207837 0.9333333333333333 18
1774206207863 0.9333333333333333 19
1774206207889 -0.21666666666666667 20
1774206207915 0.9833333333333333 21
1774206207941 0.95 22
1774206207967 0.95 23
1774206207993 0.9666666666666667 24
1774206208020 0.8833333333333333 25
1774206208047 0.55 26
1774206208073 0.9833333333333333 27
1774206209635 13.447916666666666 28
1774206209662 1.0 29
1774206209689 0.9833333333333333 30
1774206209715 0.9833333333333333 31
1774206211122 15.85 32
1774206211161 0.23333333333333334 33
1774206211199 0.9 34
1774206211238 0.9833333333333333 35
1774206211277 1.0 36
1774206211316 0.26666666666666666 37
1774206211353 0.95 38
1774206211383 0.9666666666666667 39
1774206211408 3.3125 40
1774206211435 0.9833333333333333 41
1774206212897 8.2 42
1774206212924 7.083333333333333 43
1774206212952 1.0 44
1774206212978 1.0 45
1774206213005 0.9333333333333333 46
1774206214362 13.8875 47
1774206214408 0.75 48
1774206214456 0.9833333333333333 49
1774206214502 0.9 50
1774206214547 0.9833333333333333 51
1774206214583 0.9666666666666667 52
1774206214611 0.9666666666666667 53
1774206214638 0.9666666666666667 54
1774206214666 0.9833333333333333 55
1774206214694 0.8666666666666667 56
1774206215986 12.847916666666666 57
1774206216016 0.8666666666666667 58
1774206216043 0.85 59
1774206219517 10.645833333333334 60
1774206219741 3.1645833333333333 61
1774206219788 0.5666666666666667 62
1774206219816 -1.0166666666666666 63
1774206219843 0.9333333333333333 64
1774206219872 0.9666666666666667 65
1774206219900 1.0 66
1774206219930 6.7875 67
1774206219960 -3.066666666666667 68
1774206219987 0.9166666666666666 69
1774206220013 3.24375 70
1774206220039 0.9333333333333333 71
1774206220065 0.9 72
1774206220095 0.31666666666666665 73
1774206221962 13.995833333333334 74
1774206222024 0.9666666666666667 75
1774206222085 0.9666666666666667 76
1774206222147 0.9666666666666667 77
1774206222185 0.3 78
1774206222212 -3.060416666666667 79
1774206222240 1.0 80
1774206222268 0.95 81
1774206222296 0.95 82
1774206222325 0.7833333333333333 83
1774206222353 6.822916666666667 84
1774206222381 0.9666666666666667 85
1774206222410 0.83125 86
1774206222438 0.9666666666666667 87
1774206222465 -0.9333333333333333 88
1774206222491 0.9666666666666667 89
1774206222516 0.9333333333333333 90
1774206222543 0.9833333333333333 91
1774206222568 4.283333333333333 92
1774206222594 0.95 93
1774206222620 0.9833333333333333 94
1774206222646 3.2979166666666666 95
1774206222672 0.9833333333333333 96
1774206222698 0.9666666666666667 97
1774206222723 0.9666666666666667 98
1774206222748 0.95 99
1774206224235 11.427083333333334 100
1774206224263 0.8166666666666667 101
1774206225971 15.345833333333333 102
1774206226030 0.9666666666666667 103
1774206226088 0.7166666666666667 104
1774206226142 3.7583333333333333 105
1774206226181 0.9833333333333333 106
1774206226209 1.0 107
1774206226237 -0.03333333333333333 108
1774206226265 2.6625 109
1774206226293 0.9 110
1774206226321 0.9666666666666667 111
1774206226350 0.8666666666666667 112
1774206228038 -6.55 113
1774206228065 0.9666666666666667 114
1774206228093 0.9833333333333333 115
1774206229611 -7.983333333333333 116
1774206230793 13.397916666666667 117
1774206230855 0.35 118
1774206232292 6.683333333333334 119
1774206232340 0.9833333333333333 120
1774206232428 0.9333333333333333 121
1774206232517 0.9833333333333333 122
1774206232566 0.95 123
1774206232593 -0.4666666666666667 124
1774206232618 7.635416666666667 125
1774206232644 0.95 126
1774206232669 0.9833333333333333 127
1774206232695 0.5333333333333333 128
1774206232722 0.8666666666666667 129
1774206232748 0.95 130
1774206232774 0.9333333333333333 131
1774206232799 0.1 132
1774206232826 0.95 133
1774206232851 0.9833333333333333 134
1774206232877 0.5 135
1774206232903 0.7333333333333333 136
1774206232930 0.9666666666666667 137
1774206232956 0.9166666666666666 138
1774206232982 0.85 139
1774206233008 2.85 140
1774206233033 0.9666666666666667 141
1774206233058 -1.8 142
1774206233083 0.9333333333333333 143
1774206235985 8.416666666666666 144
1774206236073 0.9666666666666667 145
1774206236158 0.9333333333333333 146
1774206236187 1.0 147
1774206236215 0.8666666666666667 148
1774206236242 0.95 149
1774206237812 11.23125 150
1774206237843 0.95 151
1774206237872 0.9666666666666667 152
1774206237900 4.34375 153
1774206237927 0.9333333333333333 154
1774206237956 4.529166666666667 155
1774206237983 1.0 156
1774206238009 0.95 157
1774206238036 0.9166666666666666 158
1774206238062 0.95 159
1774206238088 0.95 160
1774206238113 0.9833333333333333 161
1774206238139 0.9 162
1774206238165 0.9 163
1774206238191 0.9833333333333333 164
1774206238216 0.9166666666666666 165
1774206238242 0.07083333333333333 166
1774206238268 1.7270833333333333 167
1774206238294 -0.8833333333333333 168
1774206238320 -3.45 169
1774206238346 0.9166666666666666 170
1774206238372 -0.8666666666666667 171
1774206238397 0.5833333333333334 172
1774206238423 0.6666666666666666 173
1774206238449 2.225 174
1774206238474 -3.7 175
1774206238500 0.9666666666666667 176
1774206238527 6.414583333333334 177
1774206238552 0.95 178
1774206238577 1.5791666666666666 179
1774206238601 1.0 180
1774206238626 0.9666666666666667 181
1774206238651 0.25833333333333336 182
1774206238676 0.95 183
1774206238701 0.9666666666666667 184
1774206238727 0.9833333333333333 185
1774206238752 0.9666666666666667 186
1774206238776 1.0 187
1774206238801 4.075 188
1774206238827 0.9166666666666666 189
1774206238852 -0.16666666666666666 190
1774206238876 0.9333333333333333 191
1774206238901 0.95 192
1774206238926 3.3 193
1774206238951 0.9 194
1774206238976 0.9 195
1774206239000 3.691666666666667 196
1774206239026 0.9666666666666667 197
1774206239051 0.9333333333333333 198
1774206239076 0.9833333333333333 199
1774206239101 0.9666666666666667 200
1774206240655 10.94375 201
1774206240685 0.9833333333333333 202
1774206242286 13.535416666666666 203
1774206242340 0.95 204
1774206242394 0.9166666666666666 205
1774206243598 13.00625 206
1774206243648 0.9333333333333333 207
1774206243697 0.9166666666666666 208
1774206243746 0.38333333333333336 209
1774206243785 0.9833333333333333 210
1774206243820 0.8666666666666667 211
1774206243855 4.452083333333333 212
1774206243888 0.9 213
1774206243921 3.5395833333333333 214
1774206243955 0.9666666666666667 215
1774206243980 0.95 216
1774206244006 -1.2666666666666666 217
1774206244033 0.9166666666666666 218
1774206244059 0.95 219
1774206245285 13.045833333333334 220
1774206245315 0.8666666666666667 221
1774206245342 0.8833333333333333 222
1774206245371 2.7729166666666667 223
1774206245399 0.95 224
1774206245427 0.9166666666666666 225
1774206245454 0.9333333333333333 226
1774206246639 12.716666666666667 227
1774206246667 0.7833333333333333 228
1774206246695 0.9166666666666666 229
1774206246722 0.8166666666666667 230
1774206246748 0.95 231
1774206246775 0.9333333333333333 232
1774206246802 0.7666666666666667 233
1774206246828 0.7666666666666667 234
1774206248265 -7.883333333333333 235
1774206248304 0.9666666666666667 236
1774206248341 0.7666666666666667 237
1774206248380 0.9833333333333333 238
1774206248418 0.9166666666666666 239
1774206248456 0.9333333333333333 240
1774206248491 0.9166666666666666 241
1774206248529 0.3375 242
1774206248564 0.9333333333333333 243
1774206248591 0.9166666666666666 244
1774206248617 2.6354166666666665 245
1774206248643 -0.23333333333333334 246
1774206248669 0.95 247
1774206248695 0.9333333333333333 248
1774206248721 0.9 249
1774206249952 14.091666666666667 250
1774206249980 0.9 251
1774206251313 14.2 252
1774206251359 1.0541666666666667 253
1774206251404 0.9833333333333333 254
1774206251449 4.439583333333333 255
1774206251495 0.9333333333333333 256
1774206251540 0.7208333333333333 257
1774206251573 0.9 258
1774206251600 0.9 259
1774206251628 0.9333333333333333 260
1774206251655 0.8833333333333333 261
1774206251683 0.9333333333333333 262
1774206251711 0.9 263
1774206251739 0.9166666666666666 264
1774206251767 0.85 265
1774206251793 0.95 266
1774206251819 0.9333333333333333 267
1774206251849 0.85 268
1774206251875 0.5333333333333333 269
1774206251902 0.7333333333333333 270
1774206251929 0.9333333333333333 271
1774206251954 0.8041666666666667 272
1774206251980 0.8833333333333333 273
1774206252005 0.9333333333333333 274
1774206252032 2.089583333333333 275
1774206252058 -3.4833333333333334 276
1774206252084 0.8666666666666667 277
1774206252109 3.595833333333333 278
1774206252134 0.3 279
1774206252160 0.8833333333333333 280
1774206252185 2.3020833333333335 281
1774206252210 0.9 282
1774206252235 0.8833333333333333 283
1774206252259 0.95 284
1774206252284 0.9333333333333333 285
1774206252309 -1.3333333333333333 286
1774206252334 0.21666666666666667 287
1774206252359 0.9333333333333333 288
1774206252383 0.6833333333333333 289
1774206252408 0.9 290
1774206252433 0.9333333333333333 291
1774206252458 0.9166666666666666 292
1774206252483 0.08333333333333333 293
1774206252508 0.9333333333333333 294
1774206252532 3.7625 295
1774206252557 0.85 296
1774206252583 0.8833333333333333 297
1774206252607 -0.016666666666666666 298
1774206252632 0.9333333333333333 299
1774206252658 0.9333333333333333 300
1774206252684 0.95 301
1774206252710 0.9166666666666666 302
1774206252735 0.8166666666666667 303
1774206252759 0.8333333333333334 304
1774206252784 0.9 305
1774206252810 -0.31666666666666665 306
1774206252835 0.9333333333333333 307
1774206254324 -7.233333333333333 308
1774206254352 0.9333333333333333 309
1774206254378 0.85 310
1774206254406 0.95 311
1774206254433 0.9 312
1774206254461 -2.48125 313
1774206255691 11.158333333333333 314
1774206255719 0.9333333333333333 315
1774206255746 0.9666666666666667 316
1774206255774 0.7333333333333333 317
1774206256923 16.425 318
1774206256964 0.9833333333333333 319
1774206257008 0.08125 320
1774206257051 0.8666666666666667 321
1774206257097 0.9333333333333333 322
1774206257139 0.8833333333333333 323
1774206257172 2.5541666666666667 324
1774206257198 0.8833333333333333 325
1774206257226 0.9333333333333333 326
1774206257253 0.7666666666666667 327
1774206257281 0.8666666666666667 328
1774206257308 0.9333333333333333 329
1774206258553 -7.929166666666667 330
1774206259898 -5.933333333333334 331
1774206259950 0.9166666666666666 332
1774206260002 -0.03333333333333333 333
1774206260055 3.0708333333333333 334
1774206260106 0.3333333333333333 335
1774206260155 0.9291666666666667 336
1774206260184 0.8333333333333334 337
1774206260212 0.8666666666666667 338
1774206260240 0.9 339
1774206260268 0.9166666666666666 340
1774206261546 13.870833333333334 341
1774206263322 11.127083333333333 342
1774206263382 3.0145833333333334 343
1774206263441 0.6833333333333333 344
1774206263504 0.11666666666666667 345
1774206264900 -6.683333333333334 346
1774206264931 0.8 347
1774206264960 3.09375 348
1774206264989 3.975 349
1774206265019 0.9 350
1774206265050 0.9 351
1774206265079 0.9333333333333333 352
1774206265107 4.235416666666667 353
1774206265135 0.95 354
1774206265162 3.3291666666666666 355
1774206265188 -1.0333333333333334 356
1774206265215 0.85 357
1774206265240 0.9 358
1774206265266 0.7833333333333333 359
1774206265292 0.7833333333333333 360
1774206265319 2.35625 361
1774206265345 0.8333333333333334 362
1774206265371 3.55625 363
1774206265397 0.85 364
1774206265423 0.85 365
1774206265449 0.7166666666666667 366
1774206265475 0.9333333333333333 367
1774206265502 -0.1 368
1774206265528 0.85 369
1774206265554 4.679166666666666 370
1774206265579 0.8833333333333333 371
1774206265605 0.85 372
1774206265630 0.7666666666666667 373
1774206265655 0.8166666666666667 374
1774206265679 0.9166666666666666 375
1774206265705 1.0458333333333334 376
1774206265731 0.11666666666666667 377
1774206265758 1.8895833333333334 378
1774206265785 5.566666666666666 379
1774206265810 0.23333333333333334 380
1774206265835 0.9333333333333333 381
1774206265860 -2.5 382
1774206265885 3.93125 383
1774206265911 0.7833333333333333 384
1774206265935 0.8333333333333334 385
1774206265960 -0.05 386
1774206265984 0.75 387
1774206266010 0.85 388
1774206266046 0.9666666666666667 389
1774206266070 0.75 390
1774206266095 -1.8666666666666667 391
1774206266125 0.45 392
1774206266150 0.8 393
1774206266176 0.8666666666666667 394
1774206266201 -0.06666666666666667 395
1774206266226 0.8 396
1774206266251 0.7666666666666667 397
1774206266276 1.3708333333333333 398
1774206266300 2.1708333333333334 399
1774206266326 0.8166666666666667 400
1774206266354 0.48333333333333334 401
1774206266379 -0.17916666666666667 402
1774206266403 0.7 403
1774206266429 0.05 404
1774206266457 0.85 405
1774206266482 0.85 406
1774206266507 0.45 407
1774206266531 0.7333333333333333 408
1774206267872 15.466666666666667 409
1774206267901 0.85 410
1774206267928 0.7166666666666667 411
1774206267955 0.8666666666666667 412
1774206299473 11.177083333333334 413
1774206299679 0.8 414
1774206299757 0.7833333333333333 415
1774206299786 0.36666666666666664 416
1774206299814 0.75 417
1774206299842 0.8 418
1774206299870 0.05 419
1774206299898 0.7666666666666667 420
1774206299925 0.8666666666666667 421
1774206301615 13.327083333333334 422
1774206303466 10.729166666666666 423
1774206305287 -5.883333333333333 424
1774206305410 -0.23333333333333334 425
1774206305522 0.8666666666666667 426
1774206305563 0.7166666666666667 427
1774206307013 11.545833333333334 428
1774206307044 0.8166666666666667 429
1774206308558 13.6875 430
1774206308613 0.5333333333333333 431
1774206310192 -8.05 432
1774206310237 0.7 433
1774206310281 0.7166666666666667 434
1774206310327 0.9333333333333333 435
1774206310365 5.74375 436
1774206310399 0.7833333333333333 437
1774206310432 -1.45 438
1774206310465 0.8 439
1774206310497 -0.16666666666666666 440
1774206310530 0.8333333333333334 441
1774206310557 0.85 442
1774206310583 -5.45 443
1774206310608 0.6 444
1774206310634 0.9166666666666666 445
1774206310661 0.9083333333333333 446
1774206310687 0.8166666666666667 447
1774206310713 0.31666666666666665 448
1774206310739 0.6833333333333333 449
1774206310765 -3.5145833333333334 450
1774206310791 5.704166666666667 451
1774206310817 -1.65 452
1774206310843 0.7833333333333333 453
1774206310869 0.7666666666666667 454
1774206310895 0.75 455
1774206310920 2.0416666666666665 456
1774206310945 0.5833333333333334 457
1774206310970 2.4604166666666667 458
1774206310995 0.25 459
1774206311021 0.8 460
1774206311046 0.38333333333333336 461
1774206311071 -0.3333333333333333 462
1774206311097 0.8166666666666667 463
1774206311122 0.8333333333333334 464
1774206311147 2.6479166666666667 465
1774206311171 0.75 466
1774206311198 0.75 467
1774206311222 0.8333333333333334 468
1774206311246 -0.3 469
1774206311273 1.2354166666666666 470
1774206311299 0.03958333333333333 471
1774206311326 0.6666666666666666 472
1774206311351 -0.2 473
1774206311376 0.8166666666666667 474
1774206311401 0.8333333333333334 475
1774206311426 -0.6 476
1774206311451 0.8 477
1774206311476 -0.11666666666666667 478
1774206311501 0.6666666666666666 479
1774206311526 0.8666666666666667 480
1774206311551 0.8333333333333334 481
1774206311576 0.75 482
1774206311602 0.43333333333333335 483
1774206311627 0.7333333333333333 484
1774206311652 0.8333333333333334 485
1774206311679 0.75 486
1774206311704 0.75 487
1774206311748 0.6666666666666666 488
1774206311773 0.7666666666666667 489
1774206311798 0.05 490
1774206311824 0.6833333333333333 491
1774206311852 0.8 492
1774206311878 -4.783333333333333 493
1774206311902 0.9166666666666666 494
1774206311927 0.7666666666666667 495
1774206311952 -0.7 496
1774206311976 5.464583333333334 497
1774206312000 0.6666666666666666 498
1774206312026 0.8333333333333334 499
1774206204838 0.9333333333333333 0
